
[ 2021-06-21T19:48:10.373 ]

** To stop reporter from printing to console, change Reporter.silent to true or call Configuration.beSilent()
** Reporter is writing to disk at output\NSGA-II-report-27085.txt.
** Plotting pareto front.
** Plotting compiled graph for all generations
** To change this behavior, change Reporter.writeToDisk or call Cofiguration.writeToDisk(boolean).
** To change location and file name of where to save the file, change Reporter.filename.

------------------------------------------------
   NON-DOMINATED SORTING GENETIC ALGORITHM-II   
------------------------------------------------

Population Size: 10 [valid]
Generations: 20 [valid]
Chromosome Length: 26 [valid]
Population Producer: [valid]
Child Population Producer: [valid]
Genetic Code Producer: [valid]
Objectives: [valid]
Crossover Operator: [provided]
Mutation Operator: [provided]
Generation Driver: [provided]
Fitness Calculator: [not provided]

++++++++++++++++ GENERATION: 0 ++++++++++++++++

[ START ]

Parent Population: 10
Child Population: 10

======== PARENT ========

# [ 14 13 4 16 21 3 23 1 14 15 1 10 23 11 22 21 10 20 11 15 23 6 19 8 10 23 ]
>> Objective values: [ 0.8877 -2.4348 -2.0667 -1.3478 -10.4 ] | Rank: 1 | Crowding Distance: 1.7976931348623157E308

# [ 24 4 24 4 19 12 25 24 20 10 8 3 24 9 18 18 25 23 5 6 8 18 14 13 26 6 ]
>> Objective values: [ 0.9132 -2.2917 -1.9333 -1.2083 -10.525 ] | Rank: 1 | Crowding Distance: 1.7976931348623157E308

# [ 20 12 18 13 23 10 11 4 21 4 3 22 17 9 17 22 6 26 13 21 25 14 8 15 15 12 ]
>> Objective values: [ 0.8846 -2.2308 -2.0 -1.1538 -11.025 ] | Rank: 1 | Crowding Distance: 1.7976931348623157E308

# [ 4 1 15 12 13 4 11 4 4 12 23 10 12 8 18 23 7 2 6 17 14 15 23 1 24 21 ]
>> Objective values: [ 0.9028 -2.3333 -1.9333 -1.2083 -10.525 ] | Rank: 2 | Crowding Distance: 1.1822

# [ 26 24 3 14 6 14 9 10 17 11 11 21 3 19 24 3 2 10 14 23 12 15 22 23 26 10 ]
>> Objective values: [ 0.8406 -2.5217 -2.1333 -1.3913 -10.9 ] | Rank: 2 | Crowding Distance: 1.355

# [ 3 1 13 26 23 15 9 16 2 6 3 25 18 16 4 11 26 1 2 19 13 16 3 20 8 7 ]
>> Objective values: [ 0.8667 -2.36 -2.0667 -1.24 -11.025 ] | Rank: 2 | Crowding Distance: 0.6693

# [ 25 10 18 11 23 6 26 11 10 1 6 9 1 8 17 19 1 6 4 4 14 13 5 23 12 23 ]
>> Objective values: [ 0.8542 -2.4583 -2.0 -1.25 -11.025 ] | Rank: 2 | Crowding Distance: 0.7539

# [ 7 18 2 14 1 11 21 22 19 9 10 19 6 3 3 10 23 13 8 8 11 8 22 24 24 24 ]
>> Objective values: [ 0.8681 -2.375 -2.1333 -1.3333 -10.775 ] | Rank: 3 | Crowding Distance: 1.4202

# [ 11 14 10 25 9 17 16 25 20 4 21 17 12 26 26 8 20 12 25 8 23 7 20 7 5 22 ]
>> Objective values: [ 0.8403 -2.4583 -2.0667 -1.2917 -11.025 ] | Rank: 3 | Crowding Distance: 1.2043

# [ 8 24 26 11 15 1 2 19 2 25 19 14 12 5 18 14 9 5 12 8 11 1 26 8 5 22 ]
>> Objective values: [ 0.7803 -2.6818 -2.1333 -1.4545 -11.025 ] | Rank: 4 | Crowding Distance: 1.7976931348623157E308


======== CHILD ========

# [ 14 13 4 14 1 11 21 22 19 9 10 19 6 3 3 16 10 20 11 15 23 6 19 29 10 23 ]
>> Objective values: [ 0.875 -2.375 -2.0667 -1.2917 -10.15 ] | Rank: 1 | Crowding Distance: 1.7976931348623157E308

# [ 11 14 2 14 1 11 21 22 19 9 10 19 6 3 3 10 23 13 17 16 25 4 12 26 12 20 ]
>> Objective values: [ 0.9259 -2.1111 -2.0667 -1.1481 -10.775 ] | Rank: 1 | Crowding Distance: 1.4681

# [ 26 10 18 11 23 6 26 11 10 1 6 9 1 8 17 24 3 21 19 23 12 15 22 23 26 10 ]
>> Objective values: [ 0.8681 -2.4167 -2.0 -1.25 -10.9 ] | Rank: 1 | Crowding Distance: 1.2681

# [ 20 19 4 16 21 3 23 1 14 15 33 10 24 9 18 18 25 23 5 6 8 18 14 13 11 22 ]
>> Objective values: [ 0.954 -2.0 -2.0667 -1.069 -11.025 ] | Rank: 1 | Crowding Distance: 1.7976931348623157E308

# [ 25 10 18 11 23 6 9 10 17 11 11 29 3 19 26 8 1 6 4 4 14 13 5 23 12 23 ]
>> Objective values: [ 0.9103 -2.2308 -2.0 -1.1538 -11.025 ] | Rank: 1 | Crowding Distance: 1.7976931348623157E308

# [ 7 18 2 16 21 3 23 1 14 15 1 10 23 11 22 19 9 6 8 8 11 8 22 24 24 24 ]
>> Objective values: [ 0.8933 -2.28 -2.1333 -1.28 -10.9 ] | Rank: 2 | Crowding Distance: 0.8158

# [ 13 18 10 25 9 11 16 25 20 4 21 17 12 26 26 8 20 12 2 14 1 11 19 6 3 23 ]
>> Objective values: [ 0.9107 -2.1071 -2.0667 -1.1071 -11.025 ] | Rank: 2 | Crowding Distance: 0.5088

# [ 25 24 3 14 6 14 9 10 17 19 11 21 3 19 24 18 26 1 8 4 14 13 5 23 12 23 ]
>> Objective values: [ 0.9136 -2.1481 -2.1333 -1.1852 -11.025 ] | Rank: 2 | Crowding Distance: 1.1319

# [ 26 24 3 14 6 14 26 33 10 1 6 12 1 8 17 21 19 10 14 23 12 15 22 23 8 10 ]
>> Objective values: [ 0.8478 -2.4783 -2.1333 -1.3913 -11.025 ] | Rank: 2 | Crowding Distance: 1.7976931348623157E308

# [ 5 14 13 4 19 12 5 24 20 10 8 3 23 11 22 21 10 20 11 15 23 6 19 8 9 18 ]
>> Objective values: [ 0.8846 -2.2308 -2.1333 -1.2308 -11.025 ] | Rank: 3 | Crowding Distance: 0.4763


[ END ]

++++++++++++++++ GENERATION: 1 ++++++++++++++++

[ START ]

Parent Population: 10
Child Population: 10

======== PARENT ========

# [ 14 13 4 14 1 11 21 22 19 9 10 19 6 3 3 16 10 20 11 15 23 6 19 29 10 23 ]
>> Objective values: [ 0.875 -2.375 -2.0667 -1.2917 -10.15 ] | Rank: 1 | Crowding Distance: 1.7976931348623157E308

# [ 14 13 4 16 21 3 23 1 14 15 1 10 23 11 22 21 10 20 11 15 23 6 19 8 10 23 ]
>> Objective values: [ 0.8877 -2.4348 -2.0667 -1.3478 -10.4 ] | Rank: 1 | Crowding Distance: 1.7976931348623157E308

# [ 24 4 24 4 19 12 25 24 20 10 8 3 24 9 18 18 25 23 5 6 8 18 14 13 26 6 ]
>> Objective values: [ 0.9132 -2.2917 -1.9333 -1.2083 -10.525 ] | Rank: 1 | Crowding Distance: 1.7976931348623157E308

# [ 11 14 2 14 1 11 21 22 19 9 10 19 6 3 3 10 23 13 17 16 25 4 12 26 12 20 ]
>> Objective values: [ 0.9259 -2.1111 -2.0667 -1.1481 -10.775 ] | Rank: 1 | Crowding Distance: 2.1676

# [ 20 19 4 16 21 3 23 1 14 15 33 10 24 9 18 18 25 23 5 6 8 18 14 13 11 22 ]
>> Objective values: [ 0.954 -2.0 -2.0667 -1.069 -11.025 ] | Rank: 1 | Crowding Distance: 1.7976931348623157E308

# [ 25 10 18 11 23 6 9 10 17 11 11 29 3 19 26 8 1 6 4 4 14 13 5 23 12 23 ]
>> Objective values: [ 0.9103 -2.2308 -2.0 -1.1538 -11.025 ] | Rank: 1 | Crowding Distance: 1.7976931348623157E308

# [ 20 12 18 13 23 10 11 4 21 4 3 22 17 9 17 22 6 26 13 21 25 14 8 15 15 12 ]
>> Objective values: [ 0.8846 -2.2308 -2.0 -1.1538 -11.025 ] | Rank: 2 | Crowding Distance: 1.7976931348623157E308

# [ 4 1 15 12 13 4 11 4 4 12 23 10 12 8 18 23 7 2 6 17 14 15 23 1 24 21 ]
>> Objective values: [ 0.9028 -2.3333 -1.9333 -1.2083 -10.525 ] | Rank: 2 | Crowding Distance: 2.0579

# [ 26 24 3 14 6 14 9 10 17 11 11 21 3 19 24 3 2 10 14 23 12 15 22 23 26 10 ]
>> Objective values: [ 0.8406 -2.5217 -2.1333 -1.3913 -10.9 ] | Rank: 2 | Crowding Distance: 2.0035

# [ 25 24 3 14 6 14 9 10 17 19 11 21 3 19 24 18 26 1 8 4 14 13 5 23 12 23 ]
>> Objective values: [ 0.9136 -2.1481 -2.1333 -1.1852 -11.025 ] | Rank: 2 | Crowding Distance: 1.855


======== CHILD ========

# [ 14 13 4 14 1 3 23 1 14 15 33 10 24 9 21 22 10 20 11 15 23 6 19 29 10 23 ]
>> Objective values: [ 0.9533 -2.16 -1.9333 -1.16 -10.025 ] | Rank: 1 | Crowding Distance: 1.7976931348623157E308

# [ 14 13 4 16 21 3 23 1 14 15 33 10 24 9 18 18 25 22 11 15 23 6 19 8 10 23 ]
>> Objective values: [ 0.9568 -2.0741 -2.0667 -1.1481 -10.525 ] | Rank: 1 | Crowding Distance: 1.7976931348623157E308

# [ 10 5 3 14 6 14 9 10 17 11 11 21 3 19 24 3 2 10 14 4 16 23 1 15 33 18 ]
>> Objective values: [ 0.9423 -2.1538 -2.0 -1.1538 -10.775 ] | Rank: 1 | Crowding Distance: 0.4463

# [ 20 10 18 11 23 6 9 10 17 11 11 29 3 19 26 8 1 6 4 4 14 13 21 22 25 12 ]
>> Objective values: [ 0.9405 -2.0714 -2.0 -1.0714 -11.025 ] | Rank: 1 | Crowding Distance: 1.7976931348623157E308

# [ 3 16 29 14 1 11 3 1 14 15 1 10 23 11 22 21 10 20 11 15 23 6 19 8 10 9 ]
>> Objective values: [ 0.9058 -2.3913 -2.0 -1.3043 -10.775 ] | Rank: 2 | Crowding Distance: 1.519

# [ 26 24 4 16 21 3 23 12 14 15 30 10 24 9 18 18 21 23 5 6 17 11 19 2 26 10 ]
>> Objective values: [ 0.9074 -2.1481 -2.0667 -1.1481 -10.9 ] | Rank: 2 | Crowding Distance: 0.7354

# [ 25 12 18 13 23 10 11 4 21 4 3 22 17 9 17 22 23 26 13 21 25 29 32 8 1 14 ]
>> Objective values: [ 0.8654 -2.2692 -2.0 -1.1538 -11.025 ] | Rank: 2 | Crowding Distance: 1.7976931348623157E308

# [ 20 19 4 16 21 3 23 1 14 15 1 10 23 11 22 21 6 33 24 9 25 18 14 13 11 22 ]
>> Objective values: [ 0.8889 -2.1852 -2.1333 -1.1852 -11.025 ] | Rank: 2 | Crowding Distance: 1.7976931348623157E308

# [ 8 13 4 16 21 3 23 22 19 9 10 19 6 3 3 16 10 20 11 15 23 6 19 29 10 1 ]
>> Objective values: [ 0.8681 -2.4167 -2.1333 -1.3333 -10.9 ] | Rank: 3 | Crowding Distance: 1.7976931348623157E308

# [ 20 19 4 16 21 11 21 22 19 9 10 19 6 3 1 15 33 24 5 6 8 18 14 13 11 22 ]
>> Objective values: [ 0.9012 -2.1852 -2.0667 -1.1481 -11.025 ] | Rank: 3 | Crowding Distance: 0.6127


[ END ]

++++++++++++++++ GENERATION: 2 ++++++++++++++++

[ START ]

Parent Population: 10
Child Population: 10

======== PARENT ========

# [ 14 13 4 14 1 3 23 1 14 15 33 10 24 9 21 22 10 20 11 15 23 6 19 29 10 23 ]
>> Objective values: [ 0.9533 -2.16 -1.9333 -1.16 -10.025 ] | Rank: 1 | Crowding Distance: 1.7976931348623157E308

# [ 14 13 4 16 21 3 23 1 14 15 33 10 24 9 18 18 25 22 11 15 23 6 19 8 10 23 ]
>> Objective values: [ 0.9568 -2.0741 -2.0667 -1.1481 -10.525 ] | Rank: 1 | Crowding Distance: 1.7976931348623157E308

# [ 10 5 3 14 6 14 9 10 17 11 11 21 3 19 24 3 2 10 14 4 16 23 1 15 33 18 ]
>> Objective values: [ 0.9423 -2.1538 -2.0 -1.1538 -10.775 ] | Rank: 1 | Crowding Distance: 0.597

# [ 20 19 4 16 21 3 23 1 14 15 33 10 24 9 18 18 25 23 5 6 8 18 14 13 11 22 ]
>> Objective values: [ 0.954 -2.0 -2.0667 -1.069 -11.025 ] | Rank: 1 | Crowding Distance: 1.7976931348623157E308

# [ 20 10 18 11 23 6 9 10 17 11 11 29 3 19 26 8 1 6 4 4 14 13 21 22 25 12 ]
>> Objective values: [ 0.9405 -2.0714 -2.0 -1.0714 -11.025 ] | Rank: 1 | Crowding Distance: 1.7976931348623157E308

# [ 14 13 4 14 1 11 21 22 19 9 10 19 6 3 3 16 10 20 11 15 23 6 19 29 10 23 ]
>> Objective values: [ 0.875 -2.375 -2.0667 -1.2917 -10.15 ] | Rank: 2 | Crowding Distance: 1.7976931348623157E308

# [ 14 13 4 16 21 3 23 1 14 15 1 10 23 11 22 21 10 20 11 15 23 6 19 8 10 23 ]
>> Objective values: [ 0.8877 -2.4348 -2.0667 -1.3478 -10.4 ] | Rank: 2 | Crowding Distance: 1.7976931348623157E308

# [ 24 4 24 4 19 12 25 24 20 10 8 3 24 9 18 18 25 23 5 6 8 18 14 13 26 6 ]
>> Objective values: [ 0.9132 -2.2917 -1.9333 -1.2083 -10.525 ] | Rank: 2 | Crowding Distance: 1.7976931348623157E308

# [ 8 13 4 16 21 3 23 22 19 9 10 19 6 3 3 16 10 20 11 15 23 6 19 29 10 1 ]
>> Objective values: [ 0.8681 -2.4167 -2.1333 -1.3333 -10.9 ] | Rank: 2 | Crowding Distance: 1.7976931348623157E308

# [ 26 24 3 14 6 14 9 10 17 11 11 21 3 19 24 3 2 10 14 23 12 15 22 23 26 10 ]
>> Objective values: [ 0.8406 -2.5217 -2.1333 -1.3913 -10.9 ] | Rank: 2 | Crowding Distance: 1.7976931348623157E308


======== CHILD ========

# [ 14 13 4 14 1 3 23 1 14 15 33 10 24 9 18 8 24 22 11 21 20 6 19 29 10 23 ]
>> Objective values: [ 0.9383 -2.0741 -1.9333 -1.0741 -10.65 ] | Rank: 1 | Crowding Distance: 1.7976931348623157E308

# [ 14 13 4 16 21 3 23 1 14 15 33 10 24 9 21 22 10 20 11 18 29 6 19 8 10 23 ]
>> Objective values: [ 0.9524 -2.0357 -2.0667 -1.1071 -10.9 ] | Rank: 1 | Crowding Distance: 1.6724

# [ 14 13 4 16 21 3 23 1 14 15 33 10 24 9 18 18 25 23 5 6 8 11 22 20 10 23 ]
>> Objective values: [ 0.9583 -2.0357 -2.0 -1.0714 -11.025 ] | Rank: 1 | Crowding Distance: 1.7976931348623157E308

# [ 14 19 4 16 21 3 23 1 14 15 33 10 24 9 18 18 25 23 5 13 11 22 6 20 10 23 ]
>> Objective values: [ 0.9583 -2.0357 -2.0 -1.0714 -11.025 ] | Rank: 1 | Crowding Distance: 0.093

# [ 14 13 4 16 21 3 23 1 14 15 33 10 24 9 18 18 25 23 5 6 8 18 22 11 10 23 ]
>> Objective values: [ 0.9444 -2.1111 -2.0 -1.1111 -11.025 ] | Rank: 2 | Crowding Distance: 0.8753

# [ 20 19 4 16 21 3 23 1 14 15 33 10 24 9 18 18 25 22 11 15 23 6 5 8 11 22 ]
>> Objective values: [ 0.9464 -2.0357 -2.1333 -1.1429 -11.025 ] | Rank: 2 | Crowding Distance: 0.9318

# [ 14 13 4 16 29 3 25 24 20 10 8 3 22 9 18 18 25 23 5 1 15 11 22 8 10 23 ]
>> Objective values: [ 0.8846 -2.2308 -2.1333 -1.2308 -11.025 ] | Rank: 2 | Crowding Distance: 0.7398

# [ 5 6 8 16 21 3 23 1 14 15 1 10 23 11 22 21 10 20 11 15 23 33 24 9 21 25 ]
>> Objective values: [ 0.8867 -2.32 -2.1333 -1.28 -11.025 ] | Rank: 2 | Crowding Distance: 1.7976931348623157E308

# [ 20 13 4 14 1 11 21 22 19 9 10 19 6 3 3 16 10 20 11 23 24 33 24 18 25 5 ]
>> Objective values: [ 0.9074 -2.1481 -2.1333 -1.1852 -11.025 ] | Rank: 3 | Crowding Distance: 1.3579

# [ 24 4 24 4 19 12 23 1 14 15 1 10 23 11 22 21 10 20 11 25 3 9 26 5 26 6 ]
>> Objective values: [ 0.8846 -2.2308 -2.0667 -1.1923 -11.025 ] | Rank: 3 | Crowding Distance: 1.7976931348623157E308


[ END ]

++++++++++++++++ GENERATION: 3 ++++++++++++++++

[ START ]

Parent Population: 10
Child Population: 10

======== PARENT ========

# [ 14 13 4 14 1 3 23 1 14 15 33 10 24 9 21 22 10 20 11 15 23 6 19 29 10 23 ]
>> Objective values: [ 0.9533 -2.16 -1.9333 -1.16 -10.025 ] | Rank: 1 | Crowding Distance: 1.7976931348623157E308

# [ 14 13 4 16 21 3 23 1 14 15 33 10 24 9 18 18 25 22 11 15 23 6 19 8 10 23 ]
>> Objective values: [ 0.9568 -2.0741 -2.0667 -1.1481 -10.525 ] | Rank: 1 | Crowding Distance: 1.7976931348623157E308

# [ 14 13 4 14 1 3 23 1 14 15 33 10 24 9 18 8 24 22 11 21 20 6 19 29 10 23 ]
>> Objective values: [ 0.9383 -2.0741 -1.9333 -1.0741 -10.65 ] | Rank: 1 | Crowding Distance: 1.7976931348623157E308

# [ 10 5 3 14 6 14 9 10 17 11 11 21 3 19 24 3 2 10 14 4 16 23 1 15 33 18 ]
>> Objective values: [ 0.9423 -2.1538 -2.0 -1.1538 -10.775 ] | Rank: 1 | Crowding Distance: 1.2733

# [ 14 13 4 16 21 3 23 1 14 15 33 10 24 9 21 22 10 20 11 18 29 6 19 8 10 23 ]
>> Objective values: [ 0.9524 -2.0357 -2.0667 -1.1071 -10.9 ] | Rank: 1 | Crowding Distance: 1.9708

# [ 20 19 4 16 21 3 23 1 14 15 33 10 24 9 18 18 25 23 5 6 8 18 14 13 11 22 ]
>> Objective values: [ 0.954 -2.0 -2.0667 -1.069 -11.025 ] | Rank: 1 | Crowding Distance: 1.7976931348623157E308

# [ 14 13 4 16 21 3 23 1 14 15 33 10 24 9 18 18 25 23 5 6 8 11 22 20 10 23 ]
>> Objective values: [ 0.9583 -2.0357 -2.0 -1.0714 -11.025 ] | Rank: 1 | Crowding Distance: 1.7976931348623157E308

# [ 14 19 4 16 21 3 23 1 14 15 33 10 24 9 18 18 25 23 5 13 11 22 6 20 10 23 ]
>> Objective values: [ 0.9583 -2.0357 -2.0 -1.0714 -11.025 ] | Rank: 1 | Crowding Distance: 0.1057

# [ 14 13 4 14 1 11 21 22 19 9 10 19 6 3 3 16 10 20 11 15 23 6 19 29 10 23 ]
>> Objective values: [ 0.875 -2.375 -2.0667 -1.2917 -10.15 ] | Rank: 2 | Crowding Distance: 1.7976931348623157E308

# [ 14 13 4 16 21 3 23 1 14 15 1 10 23 11 22 21 10 20 11 15 23 6 19 8 10 23 ]
>> Objective values: [ 0.8877 -2.4348 -2.0667 -1.3478 -10.4 ] | Rank: 2 | Crowding Distance: 1.7976931348623157E308


======== CHILD ========

# [ 14 13 4 14 1 3 23 1 14 15 33 10 24 9 18 18 25 21 22 15 23 6 19 29 10 23 ]
>> Objective values: [ 0.9467 -2.16 -1.9333 -1.16 -10.15 ] | Rank: 1 | Crowding Distance: 1.7976931348623157E308

# [ 14 13 4 14 6 14 9 10 17 11 11 21 3 30 24 1 33 20 11 15 23 6 19 29 10 23 ]
>> Objective values: [ 0.9295 -2.1538 -2.0667 -1.1923 -10.15 ] | Rank: 1 | Crowding Distance: 0.7498

# [ 14 13 4 16 21 3 23 1 14 15 33 10 24 9 21 22 10 18 25 15 23 6 19 8 10 23 ]
>> Objective values: [ 0.9423 -2.1538 -2.0667 -1.1923 -10.4 ] | Rank: 1 | Crowding Distance: 0.9269

# [ 14 13 4 14 21 3 23 1 14 15 33 10 24 9 18 18 25 23 5 6 8 11 22 20 10 23 ]
>> Objective values: [ 0.9691 -2.037 -1.8667 -1.037 -10.65 ] | Rank: 1 | Crowding Distance: 1.7976931348623157E308

# [ 19 29 4 14 1 3 21 1 14 15 33 10 24 9 18 18 25 23 5 6 8 11 22 20 10 21 ]
>> Objective values: [ 0.9464 -2.0357 -2.0 -1.0714 -10.9 ] | Rank: 1 | Crowding Distance: 1.1463

# [ 14 13 4 16 30 3 23 1 14 15 33 10 24 9 21 22 10 20 11 15 23 6 18 25 5 8 ]
>> Objective values: [ 0.9655 -1.9655 -2.0667 -1.069 -11.025 ] | Rank: 1 | Crowding Distance: 1.7976931348623157E308

# [ 10 5 3 14 1 3 23 1 14 15 33 10 24 9 21 6 17 11 19 4 16 23 1 15 33 18 ]
>> Objective values: [ 0.8933 -2.28 -2.0 -1.2 -10.775 ] | Rank: 2 | Crowding Distance: 1.7976931348623157E308

# [ 17 5 8 16 21 3 23 1 14 15 33 10 29 9 21 22 10 20 11 15 23 6 19 29 10 18 ]
>> Objective values: [ 0.9321 -2.1111 -2.1333 -1.1852 -10.9 ] | Rank: 2 | Crowding Distance: 0.9518

# [ 2 17 16 14 6 14 23 1 14 15 33 10 24 9 18 18 25 22 11 15 23 6 2 8 17 21 ]
>> Objective values: [ 0.92 -2.2 -2.0 -1.2 -10.9 ] | Rank: 2 | Crowding Distance: 0.9933

# [ 25 22 6 8 21 3 9 10 17 11 11 21 3 19 24 3 2 10 21 1 16 23 1 15 33 18 ]
>> Objective values: [ 0.891 -2.2692 -2.1333 -1.2308 -11.025 ] | Rank: 2 | Crowding Distance: 1.7976931348623157E308


[ END ]

++++++++++++++++ GENERATION: 4 ++++++++++++++++

[ START ]

Parent Population: 10
Child Population: 10

======== PARENT ========

# [ 14 13 4 14 1 3 23 1 14 15 33 10 24 9 21 22 10 20 11 15 23 6 19 29 10 23 ]
>> Objective values: [ 0.9533 -2.16 -1.9333 -1.16 -10.025 ] | Rank: 1 | Crowding Distance: 1.7976931348623157E308

# [ 14 13 4 14 6 14 9 10 17 11 11 21 3 30 24 1 33 20 11 15 23 6 19 29 10 23 ]
>> Objective values: [ 0.9295 -2.1538 -2.0667 -1.1923 -10.15 ] | Rank: 1 | Crowding Distance: 0.9164

# [ 14 13 4 16 21 3 23 1 14 15 33 10 24 9 21 22 10 18 25 15 23 6 19 8 10 23 ]
>> Objective values: [ 0.9423 -2.1538 -2.0667 -1.1923 -10.4 ] | Rank: 1 | Crowding Distance: 1.2422

# [ 14 13 4 16 21 3 23 1 14 15 33 10 24 9 18 18 25 22 11 15 23 6 19 8 10 23 ]
>> Objective values: [ 0.9568 -2.0741 -2.0667 -1.1481 -10.525 ] | Rank: 1 | Crowding Distance: 1.7976931348623157E308

# [ 14 13 4 14 21 3 23 1 14 15 33 10 24 9 18 18 25 23 5 6 8 11 22 20 10 23 ]
>> Objective values: [ 0.9691 -2.037 -1.8667 -1.037 -10.65 ] | Rank: 1 | Crowding Distance: 1.7976931348623157E308

# [ 19 29 4 14 1 3 21 1 14 15 33 10 24 9 18 18 25 23 5 6 8 11 22 20 10 21 ]
>> Objective values: [ 0.9464 -2.0357 -2.0 -1.0714 -10.9 ] | Rank: 1 | Crowding Distance: 1.3296

# [ 14 13 4 16 21 3 23 1 14 15 33 10 24 9 21 22 10 20 11 18 29 6 19 8 10 23 ]
>> Objective values: [ 0.9524 -2.0357 -2.0667 -1.1071 -10.9 ] | Rank: 1 | Crowding Distance: 2.279

# [ 14 13 4 16 30 3 23 1 14 15 33 10 24 9 21 22 10 20 11 15 23 6 18 25 5 8 ]
>> Objective values: [ 0.9655 -1.9655 -2.0667 -1.069 -11.025 ] | Rank: 1 | Crowding Distance: 1.7976931348623157E308

# [ 14 13 4 16 21 3 23 1 14 15 33 10 24 9 18 18 25 23 5 6 8 11 22 20 10 23 ]
>> Objective values: [ 0.9583 -2.0357 -2.0 -1.0714 -11.025 ] | Rank: 1 | Crowding Distance: 1.7976931348623157E308

# [ 14 19 4 16 21 3 23 1 14 15 33 10 24 9 18 18 25 23 5 13 11 22 6 20 10 23 ]
>> Objective values: [ 0.9583 -2.0357 -2.0 -1.0714 -11.025 ] | Rank: 1 | Crowding Distance: 0.1216


======== CHILD ========

# [ 14 13 4 14 1 3 23 1 14 15 33 10 24 9 21 22 10 20 11 15 23 6 19 29 10 23 ]
>> Objective values: [ 0.9533 -2.16 -1.9333 -1.16 -10.025 ] | Rank: 1 | Crowding Distance: 1.7976931348623157E308

# [ 14 13 4 16 30 3 23 1 14 15 33 10 24 9 18 18 25 23 5 6 8 11 21 22 20 8 ]
>> Objective values: [ 0.9655 -1.9655 -2.0 -1.0345 -10.525 ] | Rank: 1 | Crowding Distance: 0.9102

# [ 14 13 9 14 21 3 23 1 14 15 33 10 24 9 18 18 10 23 3 6 8 11 22 20 10 23 ]
>> Objective values: [ 0.9306 -2.25 -1.8667 -1.1667 -10.525 ] | Rank: 1 | Crowding Distance: 1.7976931348623157E308

# [ 14 13 4 14 21 3 23 1 14 15 33 10 24 9 18 18 25 23 5 6 16 22 11 8 10 23 ]
>> Objective values: [ 0.9691 -2.037 -1.8667 -1.037 -10.65 ] | Rank: 1 | Crowding Distance: 1.7976931348623157E308

# [ 5 13 4 16 21 3 23 1 14 15 33 10 24 9 21 22 10 20 11 18 29 6 19 8 10 25 ]
>> Objective values: [ 0.9722 -1.9333 -2.1333 -1.0667 -10.9 ] | Rank: 1 | Crowding Distance: 1.7976931348623157E308

# [ 19 13 26 16 21 3 23 1 14 15 33 10 24 9 18 18 25 23 5 6 8 11 22 20 10 29 ]
>> Objective values: [ 0.9667 -1.9333 -2.0667 -1.0333 -11.025 ] | Rank: 1 | Crowding Distance: 1.7976931348623157E308

# [ 14 13 4 16 21 3 23 1 14 15 33 10 24 4 21 22 10 18 25 15 23 6 19 8 10 23 ]
>> Objective values: [ 0.92 -2.24 -2.0667 -1.24 -10.4 ] | Rank: 2 | Crowding Distance: 1.7976931348623157E308

# [ 14 13 4 14 21 3 23 1 14 15 33 10 24 9 21 22 10 20 11 15 23 6 18 25 5 8 ]
>> Objective values: [ 0.9568 -2.037 -1.9333 -1.0741 -10.65 ] | Rank: 2 | Crowding Distance: 1.0654

# [ 14 13 4 16 3 3 23 1 14 15 33 10 24 9 28 18 25 22 11 15 5 6 22 20 10 23 ]
>> Objective values: [ 0.9444 -2.0741 -2.0667 -1.1481 -11.025 ] | Rank: 2 | Crowding Distance: 1.7976931348623157E308

# [ 14 13 24 16 21 3 23 1 14 15 33 10 24 9 18 18 25 23 5 6 8 11 22 20 10 23 ]
>> Objective values: [ 0.9383 -2.1111 -2.0 -1.1111 -11.025 ] | Rank: 3 | Crowding Distance: 1.1438


[ END ]

++++++++++++++++ GENERATION: 5 ++++++++++++++++

[ START ]

Parent Population: 10
Child Population: 10

======== PARENT ========

# [ 14 13 4 14 1 3 23 1 14 15 33 10 24 9 21 22 10 20 11 15 23 6 19 29 10 23 ]
>> Objective values: [ 0.9533 -2.16 -1.9333 -1.16 -10.025 ] | Rank: 1 | Crowding Distance: 1.7976931348623157E308

# [ 14 13 4 14 1 3 23 1 14 15 33 10 24 9 21 22 10 20 11 15 23 6 19 29 10 23 ]
>> Objective values: [ 0.9533 -2.16 -1.9333 -1.16 -10.025 ] | Rank: 1 | Crowding Distance: 1.7976931348623157E308

# [ 14 13 4 14 6 14 9 10 17 11 11 21 3 30 24 1 33 20 11 15 23 6 19 29 10 23 ]
>> Objective values: [ 0.9295 -2.1538 -2.0667 -1.1923 -10.15 ] | Rank: 1 | Crowding Distance: 1.7449

# [ 14 13 4 16 21 3 23 1 14 15 33 10 24 9 21 22 10 18 25 15 23 6 19 8 10 23 ]
>> Objective values: [ 0.9423 -2.1538 -2.0667 -1.1923 -10.4 ] | Rank: 1 | Crowding Distance: 1.8678

# [ 14 13 4 16 30 3 23 1 14 15 33 10 24 9 18 18 25 23 5 6 8 11 21 22 20 8 ]
>> Objective values: [ 0.9655 -1.9655 -2.0 -1.0345 -10.525 ] | Rank: 1 | Crowding Distance: 1.6629

# [ 14 13 9 14 21 3 23 1 14 15 33 10 24 9 18 18 10 23 3 6 8 11 22 20 10 23 ]
>> Objective values: [ 0.9306 -2.25 -1.8667 -1.1667 -10.525 ] | Rank: 1 | Crowding Distance: 1.7976931348623157E308

# [ 14 13 4 14 21 3 23 1 14 15 33 10 24 9 18 18 25 23 5 6 8 11 22 20 10 23 ]
>> Objective values: [ 0.9691 -2.037 -1.8667 -1.037 -10.65 ] | Rank: 1 | Crowding Distance: 1.7976931348623157E308

# [ 14 13 4 14 21 3 23 1 14 15 33 10 24 9 18 18 25 23 5 6 16 22 11 8 10 23 ]
>> Objective values: [ 0.9691 -2.037 -1.8667 -1.037 -10.65 ] | Rank: 1 | Crowding Distance: 1.7976931348623157E308

# [ 5 13 4 16 21 3 23 1 14 15 33 10 24 9 21 22 10 20 11 18 29 6 19 8 10 25 ]
>> Objective values: [ 0.9722 -1.9333 -2.1333 -1.0667 -10.9 ] | Rank: 1 | Crowding Distance: 1.7976931348623157E308

# [ 19 13 26 16 21 3 23 1 14 15 33 10 24 9 18 18 25 23 5 6 8 11 22 20 10 29 ]
>> Objective values: [ 0.9667 -1.9333 -2.0667 -1.0333 -11.025 ] | Rank: 1 | Crowding Distance: 1.7976931348623157E308


======== CHILD ========

# [ 14 14 9 14 21 3 23 1 14 15 33 10 24 9 21 22 10 18 3 6 8 11 22 20 10 23 ]
>> Objective values: [ 0.8877 -2.3478 -1.8 -1.1739 -10.275 ] | Rank: 1 | Crowding Distance: 1.7976931348623157E308

# [ 14 13 4 16 21 3 23 1 14 15 33 10 24 9 18 18 10 22 25 15 23 6 19 8 10 23 ]
>> Objective values: [ 0.9615 -2.1154 -2.0667 -1.1923 -10.4 ] | Rank: 1 | Crowding Distance: 1.7976931348623157E308

# [ 14 13 4 14 21 3 23 1 14 15 33 10 24 9 21 22 10 18 25 6 16 22 11 8 10 23 ]
>> Objective values: [ 0.9423 -2.1154 -1.9333 -1.1154 -10.525 ] | Rank: 1 | Crowding Distance: 0.2424

# [ 14 13 4 14 1 3 28 1 14 15 33 10 24 9 21 22 10 20 18 25 8 11 22 20 10 23 ]
>> Objective values: [ 0.9423 -2.1154 -1.9333 -1.1154 -10.525 ] | Rank: 1 | Crowding Distance: 1.454

# [ 14 13 4 14 21 3 23 1 14 15 33 10 24 9 18 18 25 23 22 20 30 6 32 29 10 23 ]
>> Objective values: [ 0.9691 -2.037 -1.8667 -1.037 -10.65 ] | Rank: 1 | Crowding Distance: 0.9884

# [ 25 5 4 16 21 3 23 1 14 15 33 10 24 9 21 22 10 20 11 18 29 6 19 8 10 26 ]
>> Objective values: [ 0.9722 -1.9333 -2.1333 -1.0667 -10.9 ] | Rank: 1 | Crowding Distance: 1.7976931348623157E308

# [ 29 19 26 16 21 3 23 1 14 15 33 10 24 9 18 18 25 23 5 6 13 11 22 20 10 4 ]
>> Objective values: [ 0.9667 -1.9333 -2.0667 -1.0333 -11.025 ] | Rank: 1 | Crowding Distance: 1.7976931348623157E308

# [ 14 13 9 14 21 3 23 1 14 15 33 10 24 9 18 18 25 23 5 6 8 11 22 20 10 23 ]
>> Objective values: [ 0.9487 -2.1154 -1.8667 -1.0769 -10.65 ] | Rank: 2 | Crowding Distance: 0.6576

# [ 14 13 4 14 1 3 23 1 14 15 33 10 24 9 18 18 25 21 22 15 23 6 19 29 10 16 ]
>> Objective values: [ 0.9551 -2.0769 -1.9333 -1.1154 -10.65 ] | Rank: 2 | Crowding Distance: 1.1055

# [ 19 13 26 16 21 3 23 1 14 15 33 10 24 9 18 18 10 23 3 6 33 25 5 20 10 29 ]
>> Objective values: [ 0.9321 -2.1111 -2.0667 -1.1481 -10.9 ] | Rank: 3 | Crowding Distance: 1.2737


[ END ]

++++++++++++++++ GENERATION: 6 ++++++++++++++++

[ START ]

Parent Population: 10
Child Population: 10

======== PARENT ========

# [ 14 13 4 14 1 3 23 1 14 15 33 10 24 9 21 22 10 20 11 15 23 6 19 29 10 23 ]
>> Objective values: [ 0.9533 -2.16 -1.9333 -1.16 -10.025 ] | Rank: 1 | Crowding Distance: 1.7976931348623157E308

# [ 14 13 4 14 1 3 23 1 14 15 33 10 24 9 21 22 10 20 11 15 23 6 19 29 10 23 ]
>> Objective values: [ 0.9533 -2.16 -1.9333 -1.16 -10.025 ] | Rank: 1 | Crowding Distance: 1.7976931348623157E308

# [ 14 13 4 14 6 14 9 10 17 11 11 21 3 30 24 1 33 20 11 15 23 6 19 29 10 23 ]
>> Objective values: [ 0.9295 -2.1538 -2.0667 -1.1923 -10.15 ] | Rank: 1 | Crowding Distance: 1.7976931348623157E308

# [ 14 14 9 14 21 3 23 1 14 15 33 10 24 9 21 22 10 18 3 6 8 11 22 20 10 23 ]
>> Objective values: [ 0.8877 -2.3478 -1.8 -1.1739 -10.275 ] | Rank: 1 | Crowding Distance: 1.7976931348623157E308

# [ 14 13 4 16 21 3 23 1 14 15 33 10 24 9 18 18 10 22 25 15 23 6 19 8 10 23 ]
>> Objective values: [ 0.9615 -2.1154 -2.0667 -1.1923 -10.4 ] | Rank: 1 | Crowding Distance: 1.7976931348623157E308

# [ 14 13 9 14 21 3 23 1 14 15 33 10 24 9 18 18 10 23 3 6 8 11 22 20 10 23 ]
>> Objective values: [ 0.9306 -2.25 -1.8667 -1.1667 -10.525 ] | Rank: 1 | Crowding Distance: 1.7976931348623157E308

# [ 14 13 4 14 21 3 23 1 14 15 33 10 24 9 18 18 25 23 5 6 8 11 22 20 10 23 ]
>> Objective values: [ 0.9691 -2.037 -1.8667 -1.037 -10.65 ] | Rank: 1 | Crowding Distance: 1.7976931348623157E308

# [ 14 13 4 14 21 3 23 1 14 15 33 10 24 9 18 18 25 23 5 6 16 22 11 8 10 23 ]
>> Objective values: [ 0.9691 -2.037 -1.8667 -1.037 -10.65 ] | Rank: 1 | Crowding Distance: 1.7976931348623157E308

# [ 5 13 4 16 21 3 23 1 14 15 33 10 24 9 21 22 10 20 11 18 29 6 19 8 10 25 ]
>> Objective values: [ 0.9722 -1.9333 -2.1333 -1.0667 -10.9 ] | Rank: 1 | Crowding Distance: 1.7976931348623157E308

# [ 25 5 4 16 21 3 23 1 14 15 33 10 24 9 21 22 10 20 11 18 29 6 19 8 10 26 ]
>> Objective values: [ 0.9722 -1.9333 -2.1333 -1.0667 -10.9 ] | Rank: 1 | Crowding Distance: 1.7976931348623157E308


======== CHILD ========

# [ 14 13 4 14 21 3 23 1 14 15 33 10 24 9 4 22 10 20 11 15 23 6 19 29 10 23 ]
>> Objective values: [ 0.9533 -2.16 -1.9333 -1.16 -10.025 ] | Rank: 1 | Crowding Distance: 1.7976931348623157E308

# [ 14 13 4 14 1 3 23 1 14 15 33 10 24 9 21 22 10 20 11 15 23 6 19 29 10 23 ]
>> Objective values: [ 0.9533 -2.16 -1.9333 -1.16 -10.025 ] | Rank: 1 | Crowding Distance: 0.6399

# [ 14 13 4 14 1 3 23 1 14 15 33 10 24 9 21 22 10 20 18 25 16 22 11 8 10 23 ]
>> Objective values: [ 0.9423 -2.1154 -1.9333 -1.1154 -10.525 ] | Rank: 1 | Crowding Distance: 1.7278

# [ 14 13 4 14 1 3 23 1 14 15 33 10 24 9 18 18 23 23 21 22 20 6 19 29 10 23 ]
>> Objective values: [ 0.9533 -2.16 -1.8667 -1.12 -10.525 ] | Rank: 1 | Crowding Distance: 0.1909

# [ 14 13 4 14 1 3 23 1 14 15 33 10 24 9 18 18 10 11 25 15 21 20 11 29 10 23 ]
>> Objective values: [ 0.9583 -2.1667 -1.9333 -1.2083 -10.525 ] | Rank: 1 | Crowding Distance: 1.7976931348623157E308

# [ 14 13 4 14 21 3 23 1 14 15 33 26 24 9 18 18 25 23 22 20 9 6 19 29 10 23 ]
>> Objective values: [ 0.9691 -2.037 -1.8667 -1.037 -10.65 ] | Rank: 1 | Crowding Distance: 1.7976931348623157E308

# [ 5 13 4 16 21 3 23 1 29 15 33 10 24 9 21 22 10 20 11 18 29 6 19 8 10 25 ]
>> Objective values: [ 0.954 -2.0 -2.1333 -1.1034 -10.9 ] | Rank: 1 | Crowding Distance: 1.7976931348623157E308

# [ 14 13 9 14 21 3 29 1 14 15 33 10 24 9 21 22 10 20 18 6 8 11 22 20 10 23 ]
>> Objective values: [ 0.92 -2.2 -1.9333 -1.16 -10.525 ] | Rank: 2 | Crowding Distance: 1.5168

# [ 14 13 9 14 1 3 23 1 14 15 33 10 24 9 21 18 10 23 3 6 8 11 22 20 10 23 ]
>> Objective values: [ 0.9097 -2.2917 -1.8667 -1.1667 -10.525 ] | Rank: 2 | Crowding Distance: 1.7976931348623157E308

# [ 14 13 4 16 21 3 23 1 14 15 33 10 24 9 21 22 10 20 11 15 18 25 19 8 10 23 ]
>> Objective values: [ 0.9506 -2.0741 -2.0667 -1.1481 -10.9 ] | Rank: 2 | Crowding Distance: 1.7976931348623157E308


[ END ]

++++++++++++++++ GENERATION: 7 ++++++++++++++++

[ START ]

Parent Population: 10
Child Population: 10

======== PARENT ========

# [ 14 13 4 14 1 3 23 1 14 15 33 10 24 9 21 22 10 20 11 15 23 6 19 29 10 23 ]
>> Objective values: [ 0.9533 -2.16 -1.9333 -1.16 -10.025 ] | Rank: 1 | Crowding Distance: 1.7976931348623157E308

# [ 14 13 4 14 1 3 23 1 14 15 33 10 24 9 21 22 10 20 11 15 23 6 19 29 10 23 ]
>> Objective values: [ 0.9533 -2.16 -1.9333 -1.16 -10.025 ] | Rank: 1 | Crowding Distance: 1.7976931348623157E308

# [ 14 13 4 14 21 3 23 1 14 15 33 10 24 9 4 22 10 20 11 15 23 6 19 29 10 23 ]
>> Objective values: [ 0.9533 -2.16 -1.9333 -1.16 -10.025 ] | Rank: 1 | Crowding Distance: 1.7976931348623157E308

# [ 14 13 4 14 6 14 9 10 17 11 11 21 3 30 24 1 33 20 11 15 23 6 19 29 10 23 ]
>> Objective values: [ 0.9295 -2.1538 -2.0667 -1.1923 -10.15 ] | Rank: 1 | Crowding Distance: 1.7976931348623157E308

# [ 14 14 9 14 21 3 23 1 14 15 33 10 24 9 21 22 10 18 3 6 8 11 22 20 10 23 ]
>> Objective values: [ 0.8877 -2.3478 -1.8 -1.1739 -10.275 ] | Rank: 1 | Crowding Distance: 1.7976931348623157E308

# [ 14 13 4 16 21 3 23 1 14 15 33 10 24 9 18 18 10 22 25 15 23 6 19 8 10 23 ]
>> Objective values: [ 0.9615 -2.1154 -2.0667 -1.1923 -10.4 ] | Rank: 1 | Crowding Distance: 1.7976931348623157E308

# [ 14 13 4 14 1 3 23 1 14 15 33 10 24 9 18 18 10 11 25 15 21 20 11 29 10 23 ]
>> Objective values: [ 0.9583 -2.1667 -1.9333 -1.2083 -10.525 ] | Rank: 1 | Crowding Distance: 1.7976931348623157E308

# [ 14 13 4 14 21 3 23 1 14 15 33 10 24 9 18 18 25 23 5 6 8 11 22 20 10 23 ]
>> Objective values: [ 0.9691 -2.037 -1.8667 -1.037 -10.65 ] | Rank: 1 | Crowding Distance: 1.7976931348623157E308

# [ 14 13 4 14 21 3 23 1 14 15 33 10 24 9 18 18 25 23 5 6 16 22 11 8 10 23 ]
>> Objective values: [ 0.9691 -2.037 -1.8667 -1.037 -10.65 ] | Rank: 1 | Crowding Distance: 1.7976931348623157E308

# [ 14 13 4 14 21 3 23 1 14 15 33 26 24 9 18 18 25 23 22 20 9 6 19 29 10 23 ]
>> Objective values: [ 0.9691 -2.037 -1.8667 -1.037 -10.65 ] | Rank: 1 | Crowding Distance: 1.7976931348623157E308


======== CHILD ========

# [ 14 13 4 14 21 3 23 1 14 15 33 10 24 9 21 22 10 20 11 15 23 6 19 29 10 23 ]
>> Objective values: [ 0.9533 -2.16 -1.9333 -1.16 -10.025 ] | Rank: 1 | Crowding Distance: 1.7976931348623157E308

# [ 14 13 4 14 21 3 23 1 14 15 33 26 24 9 18 18 25 23 22 20 5 6 11 8 10 23 ]
>> Objective values: [ 0.9881 -1.9643 -1.8667 -1.0 -10.65 ] | Rank: 1 | Crowding Distance: 1.7976931348623157E308

# [ 14 2 4 14 21 3 23 1 14 15 33 10 24 9 18 18 25 23 5 6 16 22 11 8 20 23 ]
>> Objective values: [ 0.9881 -1.9643 -1.8667 -1.0 -10.65 ] | Rank: 1 | Crowding Distance: 0.8694

# [ 14 13 4 14 1 3 23 1 14 15 33 10 24 9 4 22 10 20 11 15 21 12 19 29 10 23 ]
>> Objective values: [ 0.94 -2.16 -1.9333 -1.16 -10.525 ] | Rank: 2 | Crowding Distance: 1.7976931348623157E308

# [ 14 13 4 14 21 3 23 1 14 15 33 10 24 9 18 18 25 23 5 6 16 22 20 11 10 23 ]
>> Objective values: [ 0.9691 -2.037 -1.8667 -1.037 -10.65 ] | Rank: 2 | Crowding Distance: 0.8694

# [ 14 13 4 14 21 3 23 1 14 15 33 10 24 9 18 18 25 23 5 6 26 22 20 29 10 23 ]
>> Objective values: [ 0.9691 -2.037 -1.8667 -1.037 -10.65 ] | Rank: 2 | Crowding Distance: 0.6314

# [ 14 13 4 14 21 3 23 1 14 15 33 10 24 9 21 22 10 18 3 6 8 11 26 25 20 23 ]
>> Objective values: [ 0.9383 -2.0741 -1.9333 -1.0741 -10.65 ] | Rank: 2 | Crowding Distance: 0.7959

# [ 14 13 4 14 1 3 23 1 14 15 33 10 24 19 21 22 10 20 11 15 23 1 25 5 6 16 ]
>> Objective values: [ 0.9487 -2.1154 -1.9333 -1.1154 -10.65 ] | Rank: 2 | Crowding Distance: 1.2626

# [ 14 14 9 4 21 3 23 1 14 15 33 26 24 9 18 18 25 23 22 20 9 6 8 11 10 23 ]
>> Objective values: [ 0.9359 -2.1923 -1.8667 -1.0769 -10.775 ] | Rank: 2 | Crowding Distance: 1.7976931348623157E308

# [ 25 5 16 14 21 3 23 1 14 15 33 10 24 9 21 22 10 26 3 6 8 11 22 20 13 4 ]
>> Objective values: [ 0.9286 -2.0714 -2.0 -1.0714 -10.9 ] | Rank: 2 | Crowding Distance: 1.7976931348623157E308


[ END ]

++++++++++++++++ GENERATION: 8 ++++++++++++++++

[ START ]

Parent Population: 10
Child Population: 10

======== PARENT ========

# [ 14 13 4 14 1 3 23 1 14 15 33 10 24 9 21 22 10 20 11 15 23 6 19 29 10 23 ]
>> Objective values: [ 0.9533 -2.16 -1.9333 -1.16 -10.025 ] | Rank: 1 | Crowding Distance: 1.7976931348623157E308

# [ 14 13 4 14 1 3 23 1 14 15 33 10 24 9 21 22 10 20 11 15 23 6 19 29 10 23 ]
>> Objective values: [ 0.9533 -2.16 -1.9333 -1.16 -10.025 ] | Rank: 1 | Crowding Distance: 1.7976931348623157E308

# [ 14 13 4 14 21 3 23 1 14 15 33 10 24 9 4 22 10 20 11 15 23 6 19 29 10 23 ]
>> Objective values: [ 0.9533 -2.16 -1.9333 -1.16 -10.025 ] | Rank: 1 | Crowding Distance: 1.7976931348623157E308

# [ 14 13 4 14 21 3 23 1 14 15 33 10 24 9 21 22 10 20 11 15 23 6 19 29 10 23 ]
>> Objective values: [ 0.9533 -2.16 -1.9333 -1.16 -10.025 ] | Rank: 1 | Crowding Distance: 1.7976931348623157E308

# [ 14 13 4 14 6 14 9 10 17 11 11 21 3 30 24 1 33 20 11 15 23 6 19 29 10 23 ]
>> Objective values: [ 0.9295 -2.1538 -2.0667 -1.1923 -10.15 ] | Rank: 1 | Crowding Distance: 1.7976931348623157E308

# [ 14 14 9 14 21 3 23 1 14 15 33 10 24 9 21 22 10 18 3 6 8 11 22 20 10 23 ]
>> Objective values: [ 0.8877 -2.3478 -1.8 -1.1739 -10.275 ] | Rank: 1 | Crowding Distance: 1.7976931348623157E308

# [ 14 13 4 16 21 3 23 1 14 15 33 10 24 9 18 18 10 22 25 15 23 6 19 8 10 23 ]
>> Objective values: [ 0.9615 -2.1154 -2.0667 -1.1923 -10.4 ] | Rank: 1 | Crowding Distance: 1.7976931348623157E308

# [ 14 13 4 14 1 3 23 1 14 15 33 10 24 9 18 18 10 11 25 15 21 20 11 29 10 23 ]
>> Objective values: [ 0.9583 -2.1667 -1.9333 -1.2083 -10.525 ] | Rank: 1 | Crowding Distance: 1.7976931348623157E308

# [ 14 13 4 14 21 3 23 1 14 15 33 26 24 9 18 18 25 23 22 20 5 6 11 8 10 23 ]
>> Objective values: [ 0.9881 -1.9643 -1.8667 -1.0 -10.65 ] | Rank: 1 | Crowding Distance: 1.7976931348623157E308

# [ 14 2 4 14 21 3 23 1 14 15 33 10 24 9 18 18 25 23 5 6 16 22 11 8 20 23 ]
>> Objective values: [ 0.9881 -1.9643 -1.8667 -1.0 -10.65 ] | Rank: 1 | Crowding Distance: 1.4258


======== CHILD ========

# [ 14 14 9 14 1 3 23 1 14 15 33 10 24 9 21 22 10 20 11 15 23 6 18 8 10 23 ]
>> Objective values: [ 0.9239 -2.3043 -1.8 -1.1739 -9.775 ] | Rank: 1 | Crowding Distance: 1.7976931348623157E308

# [ 14 13 4 14 21 3 23 1 14 15 33 26 24 9 18 18 22 20 11 15 23 6 19 29 10 23 ]
>> Objective values: [ 0.9877 -2.0 -1.9333 -1.0741 -10.15 ] | Rank: 1 | Crowding Distance: 1.7976931348623157E308

# [ 14 13 4 14 1 3 23 1 14 15 33 26 7 9 18 18 25 23 22 20 21 11 19 29 10 23 ]
>> Objective values: [ 0.9691 -2.037 -1.8667 -1.037 -10.65 ] | Rank: 1 | Crowding Distance: 1.7976931348623157E308

# [ 14 13 4 14 6 14 9 10 17 15 33 26 24 9 18 18 25 23 22 20 21 11 21 3 30 1 ]
>> Objective values: [ 0.9762 -1.9643 -2.0667 -1.1071 -10.65 ] | Rank: 1 | Crowding Distance: 1.7976931348623157E308

# [ 14 14 9 14 21 3 23 1 14 15 33 10 24 9 21 22 10 18 3 6 8 11 22 20 10 23 ]
>> Objective values: [ 0.8877 -2.3478 -1.8 -1.1739 -10.275 ] | Rank: 2 | Crowding Distance: 1.7976931348623157E308

# [ 14 13 4 14 1 3 23 1 14 15 33 10 24 9 21 22 10 20 11 15 23 6 19 29 10 30 ]
>> Objective values: [ 0.9615 -2.0769 -1.9333 -1.1154 -10.525 ] | Rank: 2 | Crowding Distance: 0.3661

# [ 14 13 4 14 21 3 23 1 14 15 33 10 24 9 21 22 10 20 11 15 26 18 25 8 10 23 ]
>> Objective values: [ 0.9615 -2.0769 -1.9333 -1.1154 -10.525 ] | Rank: 2 | Crowding Distance: 0.2924

# [ 14 13 4 14 1 3 23 1 14 15 33 10 24 9 21 22 26 18 22 20 5 6 11 8 10 23 ]
>> Objective values: [ 0.9383 -2.0741 -1.9333 -1.0741 -10.65 ] | Rank: 2 | Crowding Distance: 0.5291

# [ 14 13 4 14 21 3 23 1 14 15 33 10 24 9 21 22 10 18 3 6 8 11 20 29 10 23 ]
>> Objective values: [ 0.9423 -2.1154 -1.9333 -1.1154 -10.525 ] | Rank: 3 | Crowding Distance: 1.275

# [ 5 13 4 14 21 3 23 1 14 11 11 21 3 30 24 1 33 20 11 15 23 26 9 18 27 22 ]
>> Objective values: [ 0.8974 -2.2308 -2.0 -1.1538 -10.9 ] | Rank: 4 | Crowding Distance: 1.7976931348623157E308


[ END ]

++++++++++++++++ GENERATION: 9 ++++++++++++++++

[ START ]

Parent Population: 10
Child Population: 10

======== PARENT ========

# [ 14 14 9 14 1 3 23 1 14 15 33 10 24 9 21 22 10 20 11 15 23 6 18 8 10 23 ]
>> Objective values: [ 0.9239 -2.3043 -1.8 -1.1739 -9.775 ] | Rank: 1 | Crowding Distance: 1.7976931348623157E308

# [ 14 13 4 14 1 3 23 1 14 15 33 10 24 9 21 22 10 20 11 15 23 6 19 29 10 23 ]
>> Objective values: [ 0.9533 -2.16 -1.9333 -1.16 -10.025 ] | Rank: 1 | Crowding Distance: 1.7976931348623157E308

# [ 14 13 4 14 1 3 23 1 14 15 33 10 24 9 21 22 10 20 11 15 23 6 19 29 10 23 ]
>> Objective values: [ 0.9533 -2.16 -1.9333 -1.16 -10.025 ] | Rank: 1 | Crowding Distance: 1.7976931348623157E308

# [ 14 13 4 14 21 3 23 1 14 15 33 10 24 9 4 22 10 20 11 15 23 6 19 29 10 23 ]
>> Objective values: [ 0.9533 -2.16 -1.9333 -1.16 -10.025 ] | Rank: 1 | Crowding Distance: 1.7976931348623157E308

# [ 14 13 4 14 21 3 23 1 14 15 33 10 24 9 21 22 10 20 11 15 23 6 19 29 10 23 ]
>> Objective values: [ 0.9533 -2.16 -1.9333 -1.16 -10.025 ] | Rank: 1 | Crowding Distance: 1.7976931348623157E308

# [ 14 13 4 14 21 3 23 1 14 15 33 26 24 9 18 18 22 20 11 15 23 6 19 29 10 23 ]
>> Objective values: [ 0.9877 -2.0 -1.9333 -1.0741 -10.15 ] | Rank: 1 | Crowding Distance: 1.7976931348623157E308

# [ 14 13 4 14 21 3 23 1 14 15 33 26 24 9 18 18 25 23 22 20 5 6 11 8 10 23 ]
>> Objective values: [ 0.9881 -1.9643 -1.8667 -1.0 -10.65 ] | Rank: 1 | Crowding Distance: 1.7976931348623157E308

# [ 14 2 4 14 21 3 23 1 14 15 33 10 24 9 18 18 25 23 5 6 16 22 11 8 20 23 ]
>> Objective values: [ 0.9881 -1.9643 -1.8667 -1.0 -10.65 ] | Rank: 1 | Crowding Distance: 1.6074

# [ 14 13 4 14 6 14 9 10 17 11 11 21 3 30 24 1 33 20 11 15 23 6 19 29 10 23 ]
>> Objective values: [ 0.9295 -2.1538 -2.0667 -1.1923 -10.15 ] | Rank: 2 | Crowding Distance: 1.7976931348623157E308

# [ 14 14 9 14 21 3 23 1 14 15 33 10 24 9 21 22 10 18 3 6 8 11 22 20 10 23 ]
>> Objective values: [ 0.8877 -2.3478 -1.8 -1.1739 -10.275 ] | Rank: 2 | Crowding Distance: 1.7976931348623157E308


======== CHILD ========

# [ 14 14 4 14 21 3 23 1 19 15 33 26 24 9 18 18 22 20 11 15 23 6 19 8 10 23 ]
>> Objective values: [ 0.9551 -2.1154 -1.9333 -1.1154 -10.025 ] | Rank: 1 | Crowding Distance: 1.7976931348623157E308

# [ 14 5 4 14 21 3 23 1 14 15 33 26 24 9 18 18 22 20 11 15 23 6 19 29 10 23 ]
>> Objective values: [ 0.9877 -2.0 -1.9333 -1.0741 -10.15 ] | Rank: 1 | Crowding Distance: 1.7976931348623157E308

# [ 14 13 4 14 21 3 23 1 14 15 33 26 24 9 18 18 22 20 11 15 23 6 19 29 10 23 ]
>> Objective values: [ 0.9877 -2.0 -1.9333 -1.0741 -10.15 ] | Rank: 1 | Crowding Distance: 0.5777

# [ 14 14 9 14 1 3 23 11 14 15 33 10 24 9 18 18 22 20 11 15 21 6 18 8 10 23 ]
>> Objective values: [ 0.9094 -2.3043 -1.8 -1.1739 -10.4 ] | Rank: 1 | Crowding Distance: 1.7976931348623157E308

# [ 14 13 4 14 21 3 23 1 14 15 33 26 24 9 18 18 25 23 22 20 11 6 18 29 10 23 ]
>> Objective values: [ 0.9753 -2.037 -1.8667 -1.037 -10.65 ] | Rank: 1 | Crowding Distance: 1.7976931348623157E308

# [ 14 13 4 14 1 3 23 1 14 15 33 10 24 9 21 22 26 18 11 15 23 6 19 29 10 23 ]
>> Objective values: [ 0.9487 -2.1154 -1.9333 -1.1154 -10.15 ] | Rank: 2 | Crowding Distance: 0.4891

# [ 14 13 4 14 21 13 23 1 14 15 33 26 24 9 21 22 10 20 11 15 18 6 19 29 10 23 ]
>> Objective values: [ 0.9744 -2.0385 -1.9333 -1.1154 -10.525 ] | Rank: 2 | Crowding Distance: 1.0468

# [ 14 13 9 14 1 3 23 1 14 15 33 10 24 9 21 22 10 20 11 15 23 6 18 4 26 19 ]
>> Objective values: [ 0.9359 -2.1154 -1.9333 -1.1154 -10.65 ] | Rank: 2 | Crowding Distance: 1.5055

# [ 14 13 4 15 21 3 23 1 14 15 33 10 24 9 4 22 26 18 22 20 5 6 11 8 10 23 ]
>> Objective values: [ 0.9074 -2.1481 -2.0667 -1.1481 -11.025 ] | Rank: 2 | Crowding Distance: 1.7976931348623157E308

# [ 14 13 4 3 1 3 23 1 14 32 33 10 24 9 21 22 15 20 11 26 18 25 11 8 10 23 ]
>> Objective values: [ 0.9259 -2.1111 -2.0667 -1.1481 -11.025 ] | Rank: 3 | Crowding Distance: 1.6968


[ END ]

++++++++++++++++ GENERATION: 10 ++++++++++++++++

[ START ]

Parent Population: 10
Child Population: 10

======== PARENT ========

# [ 14 14 9 14 1 3 23 1 14 15 33 10 24 9 21 22 10 20 11 15 23 6 18 8 10 23 ]
>> Objective values: [ 0.9239 -2.3043 -1.8 -1.1739 -9.775 ] | Rank: 1 | Crowding Distance: 1.7976931348623157E308

# [ 14 14 4 14 21 3 23 1 19 15 33 26 24 9 18 18 22 20 11 15 23 6 19 8 10 23 ]
>> Objective values: [ 0.9551 -2.1154 -1.9333 -1.1154 -10.025 ] | Rank: 1 | Crowding Distance: 1.7976931348623157E308

# [ 14 13 4 14 21 3 23 1 14 15 33 26 24 9 18 18 22 20 11 15 23 6 19 29 10 23 ]
>> Objective values: [ 0.9877 -2.0 -1.9333 -1.0741 -10.15 ] | Rank: 1 | Crowding Distance: 1.7976931348623157E308

# [ 14 5 4 14 21 3 23 1 14 15 33 26 24 9 18 18 22 20 11 15 23 6 19 29 10 23 ]
>> Objective values: [ 0.9877 -2.0 -1.9333 -1.0741 -10.15 ] | Rank: 1 | Crowding Distance: 1.7976931348623157E308

# [ 14 13 4 14 21 3 23 1 14 15 33 26 24 9 18 18 22 20 11 15 23 6 19 29 10 23 ]
>> Objective values: [ 0.9877 -2.0 -1.9333 -1.0741 -10.15 ] | Rank: 1 | Crowding Distance: 1.0125

# [ 14 13 4 14 21 3 23 1 14 15 33 26 24 9 18 18 25 23 22 20 5 6 11 8 10 23 ]
>> Objective values: [ 0.9881 -1.9643 -1.8667 -1.0 -10.65 ] | Rank: 1 | Crowding Distance: 1.7976931348623157E308

# [ 14 2 4 14 21 3 23 1 14 15 33 10 24 9 18 18 25 23 5 6 16 22 11 8 20 23 ]
>> Objective values: [ 0.9881 -1.9643 -1.8667 -1.0 -10.65 ] | Rank: 1 | Crowding Distance: 1.8969

# [ 14 13 4 14 1 3 23 1 14 15 33 10 24 9 21 22 10 20 11 15 23 6 19 29 10 23 ]
>> Objective values: [ 0.9533 -2.16 -1.9333 -1.16 -10.025 ] | Rank: 2 | Crowding Distance: 1.7976931348623157E308

# [ 14 13 4 14 1 3 23 1 14 15 33 10 24 9 21 22 10 20 11 15 23 6 19 29 10 23 ]
>> Objective values: [ 0.9533 -2.16 -1.9333 -1.16 -10.025 ] | Rank: 2 | Crowding Distance: 1.7976931348623157E308

# [ 14 13 4 14 21 3 23 1 14 15 33 10 24 9 4 22 10 20 11 15 23 6 19 29 10 23 ]
>> Objective values: [ 0.9533 -2.16 -1.9333 -1.16 -10.025 ] | Rank: 2 | Crowding Distance: 1.7976931348623157E308


======== CHILD ========

# [ 14 14 9 14 1 3 23 1 14 15 33 10 24 9 21 22 10 20 11 15 23 6 18 8 10 23 ]
>> Objective values: [ 0.9239 -2.3043 -1.8 -1.1739 -9.775 ] | Rank: 1 | Crowding Distance: 1.7976931348623157E308

# [ 14 13 4 14 1 3 23 1 14 15 33 10 24 9 21 22 10 20 11 15 23 6 19 29 10 23 ]
>> Objective values: [ 0.9533 -2.16 -1.9333 -1.16 -10.025 ] | Rank: 1 | Crowding Distance: 1.2578

# [ 14 13 4 14 1 3 23 1 14 15 33 26 24 9 18 18 21 22 11 15 23 6 19 29 10 23 ]
>> Objective values: [ 0.9679 -2.0769 -1.9333 -1.1154 -10.15 ] | Rank: 1 | Crowding Distance: 0.801

# [ 14 14 9 14 21 3 23 1 14 15 33 26 24 9 18 18 22 20 11 15 23 6 19 29 10 8 ]
>> Objective values: [ 0.9712 -2.0385 -1.8 -1.0385 -10.4 ] | Rank: 1 | Crowding Distance: 1.7976931348623157E308

# [ 14 2 4 14 21 3 23 1 14 15 33 10 24 9 4 22 10 20 11 15 23 6 18 25 5 16 ]
>> Objective values: [ 0.9568 -2.037 -1.9333 -1.0741 -10.65 ] | Rank: 1 | Crowding Distance: 0.8296

# [ 14 13 4 14 21 3 23 1 26 15 33 10 24 9 18 18 25 4 5 6 16 22 20 30 10 23 ]
>> Objective values: [ 0.9464 -2.0357 -2.0667 -1.1071 -10.775 ] | Rank: 1 | Crowding Distance: 1.7976931348623157E308

# [ 14 13 4 14 21 3 23 1 14 15 33 10 24 9 21 22 26 18 11 15 23 15 19 29 10 23 ]
>> Objective values: [ 0.9333 -2.2 -1.9333 -1.16 -10.15 ] | Rank: 2 | Crowding Distance: 1.6157

# [ 25 13 4 14 21 3 23 1 14 15 33 26 24 9 18 18 22 20 11 15 23 6 19 29 26 23 ]
>> Objective values: [ 0.9568 -2.0741 -2.0 -1.1111 -10.4 ] | Rank: 2 | Crowding Distance: 0.8968

# [ 14 13 4 14 21 3 23 1 14 20 33 26 24 9 18 18 25 13 22 20 5 8 11 8 10 23 ]
>> Objective values: [ 0.9551 -2.0769 -1.8667 -1.0769 -10.65 ] | Rank: 2 | Crowding Distance: 1.2519

# [ 19 29 4 14 1 3 23 1 14 15 33 10 24 9 21 22 10 20 11 15 23 6 18 8 10 26 ]
>> Objective values: [ 0.9506 -2.0741 -2.0 -1.1111 -10.775 ] | Rank: 3 | Crowding Distance: 1.7976931348623157E308


[ END ]

++++++++++++++++ GENERATION: 11 ++++++++++++++++

[ START ]

Parent Population: 10
Child Population: 10

======== PARENT ========

# [ 14 14 9 14 1 3 23 1 14 15 33 10 24 9 21 22 10 20 11 15 23 6 18 8 10 23 ]
>> Objective values: [ 0.9239 -2.3043 -1.8 -1.1739 -9.775 ] | Rank: 1 | Crowding Distance: 1.7976931348623157E308

# [ 14 14 9 14 1 3 23 1 14 15 33 10 24 9 21 22 10 20 11 15 23 6 18 8 10 23 ]
>> Objective values: [ 0.9239 -2.3043 -1.8 -1.1739 -9.775 ] | Rank: 1 | Crowding Distance: 1.7976931348623157E308

# [ 14 14 4 14 21 3 23 1 19 15 33 26 24 9 18 18 22 20 11 15 23 6 19 8 10 23 ]
>> Objective values: [ 0.9551 -2.1154 -1.9333 -1.1154 -10.025 ] | Rank: 1 | Crowding Distance: 1.7976931348623157E308

# [ 14 13 4 14 21 3 23 1 14 15 33 26 24 9 18 18 22 20 11 15 23 6 19 29 10 23 ]
>> Objective values: [ 0.9877 -2.0 -1.9333 -1.0741 -10.15 ] | Rank: 1 | Crowding Distance: 1.7976931348623157E308

# [ 14 5 4 14 21 3 23 1 14 15 33 26 24 9 18 18 22 20 11 15 23 6 19 29 10 23 ]
>> Objective values: [ 0.9877 -2.0 -1.9333 -1.0741 -10.15 ] | Rank: 1 | Crowding Distance: 1.7976931348623157E308

# [ 14 13 4 14 21 3 23 1 14 15 33 26 24 9 18 18 22 20 11 15 23 6 19 29 10 23 ]
>> Objective values: [ 0.9877 -2.0 -1.9333 -1.0741 -10.15 ] | Rank: 1 | Crowding Distance: 1.3745

# [ 14 14 9 14 21 3 23 1 14 15 33 26 24 9 18 18 22 20 11 15 23 6 19 29 10 8 ]
>> Objective values: [ 0.9712 -2.0385 -1.8 -1.0385 -10.4 ] | Rank: 1 | Crowding Distance: 1.7976931348623157E308

# [ 14 13 4 14 21 3 23 1 14 15 33 26 24 9 18 18 25 23 22 20 5 6 11 8 10 23 ]
>> Objective values: [ 0.9881 -1.9643 -1.8667 -1.0 -10.65 ] | Rank: 1 | Crowding Distance: 1.7976931348623157E308

# [ 14 2 4 14 21 3 23 1 14 15 33 10 24 9 18 18 25 23 5 6 16 22 11 8 20 23 ]
>> Objective values: [ 0.9881 -1.9643 -1.8667 -1.0 -10.65 ] | Rank: 1 | Crowding Distance: 2.2295

# [ 14 13 4 14 1 3 23 1 14 15 33 10 24 9 21 22 10 20 11 15 23 6 19 29 10 23 ]
>> Objective values: [ 0.9533 -2.16 -1.9333 -1.16 -10.025 ] | Rank: 2 | Crowding Distance: 1.7976931348623157E308


======== CHILD ========

# [ 14 14 4 14 21 3 23 1 14 15 33 10 24 9 26 18 8 20 11 15 23 6 19 30 10 23 ]
>> Objective values: [ 0.9647 -2.0769 -1.8 -1.0385 -9.9 ] | Rank: 1 | Crowding Distance: 1.7976931348623157E308

# [ 14 14 4 14 21 3 23 1 14 15 33 26 24 9 18 18 22 20 11 15 23 6 18 8 10 23 ]
>> Objective values: [ 0.97 -2.12 -1.8 -1.08 -9.9 ] | Rank: 1 | Crowding Distance: 0.8889

# [ 14 5 4 14 21 3 23 1 14 15 33 26 24 9 18 18 22 20 11 13 23 6 19 29 10 23 ]
>> Objective values: [ 0.9881 -1.9643 -1.9333 -1.0357 -10.15 ] | Rank: 1 | Crowding Distance: 1.7976931348623157E308

# [ 14 2 4 14 14 3 23 1 19 15 33 26 24 9 10 18 25 23 5 6 16 22 11 8 20 23 ]
>> Objective values: [ 0.977 -1.9655 -2.0 -1.0345 -10.775 ] | Rank: 1 | Crowding Distance: 1.7976931348623157E308

# [ 14 14 9 14 1 3 23 1 14 15 33 26 24 9 18 18 22 20 11 15 23 6 21 8 10 23 ]
>> Objective values: [ 0.941 -2.2083 -1.8 -1.125 -9.9 ] | Rank: 2 | Crowding Distance: 0.6931

# [ 14 14 4 14 21 3 23 1 19 15 33 10 24 9 21 22 10 20 11 15 23 6 26 18 10 23 ]
>> Objective values: [ 0.94 -2.2 -1.9333 -1.16 -9.9 ] | Rank: 2 | Crowding Distance: 1.6382

# [ 14 13 4 14 21 3 23 1 14 15 33 26 24 9 18 18 22 20 11 15 23 6 19 29 10 23 ]
>> Objective values: [ 0.9877 -2.0 -1.9333 -1.0741 -10.15 ] | Rank: 2 | Crowding Distance: 0.744

# [ 14 5 9 25 1 3 23 1 14 5 33 10 24 9 21 22 10 20 11 15 23 4 26 18 10 23 ]
>> Objective values: [ 0.92 -2.24 -2.0 -1.2 -10.275 ] | Rank: 2 | Crowding Distance: 1.7976931348623157E308

# [ 14 14 9 14 1 3 23 1 14 15 33 26 24 9 18 6 22 20 11 15 21 6 18 8 10 23 ]
>> Objective values: [ 0.9063 -2.25 -1.8 -1.125 -10.4 ] | Rank: 3 | Crowding Distance: 1.7976931348623157E308

# [ 14 5 4 14 21 3 23 1 14 6 33 10 24 9 21 22 10 20 11 15 26 18 19 29 10 23 ]
>> Objective values: [ 0.963 -2.037 -1.9333 -1.0741 -10.525 ] | Rank: 3 | Crowding Distance: 1.0231


[ END ]

++++++++++++++++ GENERATION: 12 ++++++++++++++++

[ START ]

Parent Population: 10
Child Population: 10

======== PARENT ========

# [ 14 14 9 14 1 3 23 1 14 15 33 10 24 9 21 22 10 20 11 15 23 6 18 8 10 23 ]
>> Objective values: [ 0.9239 -2.3043 -1.8 -1.1739 -9.775 ] | Rank: 1 | Crowding Distance: 1.7976931348623157E308

# [ 14 14 9 14 1 3 23 1 14 15 33 10 24 9 21 22 10 20 11 15 23 6 18 8 10 23 ]
>> Objective values: [ 0.9239 -2.3043 -1.8 -1.1739 -9.775 ] | Rank: 1 | Crowding Distance: 1.7976931348623157E308

# [ 14 14 4 14 21 3 23 1 14 15 33 10 24 9 26 18 8 20 11 15 23 6 19 30 10 23 ]
>> Objective values: [ 0.9647 -2.0769 -1.8 -1.0385 -9.9 ] | Rank: 1 | Crowding Distance: 1.7976931348623157E308

# [ 14 14 4 14 21 3 23 1 14 15 33 26 24 9 18 18 22 20 11 15 23 6 18 8 10 23 ]
>> Objective values: [ 0.97 -2.12 -1.8 -1.08 -9.9 ] | Rank: 1 | Crowding Distance: 1.3061

# [ 14 5 4 14 21 3 23 1 14 15 33 26 24 9 18 18 22 20 11 13 23 6 19 29 10 23 ]
>> Objective values: [ 0.9881 -1.9643 -1.9333 -1.0357 -10.15 ] | Rank: 1 | Crowding Distance: 1.7976931348623157E308

# [ 14 14 9 14 21 3 23 1 14 15 33 26 24 9 18 18 22 20 11 15 23 6 19 29 10 8 ]
>> Objective values: [ 0.9712 -2.0385 -1.8 -1.0385 -10.4 ] | Rank: 1 | Crowding Distance: 1.7976931348623157E308

# [ 14 13 4 14 21 3 23 1 14 15 33 26 24 9 18 18 25 23 22 20 5 6 11 8 10 23 ]
>> Objective values: [ 0.9881 -1.9643 -1.8667 -1.0 -10.65 ] | Rank: 1 | Crowding Distance: 1.7976931348623157E308

# [ 14 2 4 14 21 3 23 1 14 15 33 10 24 9 18 18 25 23 5 6 16 22 11 8 20 23 ]
>> Objective values: [ 0.9881 -1.9643 -1.8667 -1.0 -10.65 ] | Rank: 1 | Crowding Distance: 2.86

# [ 14 14 4 14 21 3 23 1 19 15 33 26 24 9 18 18 22 20 11 15 23 6 19 8 10 23 ]
>> Objective values: [ 0.9551 -2.1154 -1.9333 -1.1154 -10.025 ] | Rank: 2 | Crowding Distance: 1.7976931348623157E308

# [ 14 13 4 14 21 3 23 1 14 15 33 26 24 9 18 18 22 20 11 15 23 6 19 29 10 23 ]
>> Objective values: [ 0.9877 -2.0 -1.9333 -1.0741 -10.15 ] | Rank: 2 | Crowding Distance: 1.7976931348623157E308


======== CHILD ========

# [ 14 14 9 14 21 3 23 1 14 15 33 26 24 9 18 22 10 20 11 15 23 6 18 8 10 23 ]
>> Objective values: [ 0.941 -2.2083 -1.8 -1.125 -9.775 ] | Rank: 1 | Crowding Distance: 1.7976931348623157E308

# [ 14 14 9 14 1 3 23 1 14 15 33 26 24 9 21 22 10 20 11 15 23 6 18 8 10 23 ]
>> Objective values: [ 0.941 -2.2083 -1.8 -1.125 -9.775 ] | Rank: 1 | Crowding Distance: 1.7976931348623157E308

# [ 14 14 4 14 21 3 23 1 14 15 33 26 24 9 18 18 8 20 11 15 23 6 19 30 10 23 ]
>> Objective values: [ 0.984 -2.0385 -1.8 -1.0385 -9.9 ] | Rank: 1 | Crowding Distance: 1.4634

# [ 14 13 4 14 21 3 23 1 14 15 33 26 24 9 18 18 22 20 11 15 23 25 5 8 10 23 ]
>> Objective values: [ 0.9877 -2.0 -1.9333 -1.0741 -10.15 ] | Rank: 1 | Crowding Distance: 1.7976931348623157E308

# [ 14 14 9 14 21 3 23 1 14 15 33 26 24 9 18 18 25 23 22 20 5 11 19 29 10 8 ]
>> Objective values: [ 0.9722 -2.0 -1.7333 -0.963 -10.4 ] | Rank: 1 | Crowding Distance: 1.7976931348623157E308

# [ 14 5 4 14 21 3 23 3 14 15 33 10 24 9 26 18 22 20 11 13 23 6 19 29 10 23 ]
>> Objective values: [ 0.9506 -2.0741 -1.9333 -1.0741 -10.15 ] | Rank: 2 | Crowding Distance: 1.7976931348623157E308

# [ 14 14 9 14 1 3 23 1 14 15 33 10 24 9 23 18 25 23 5 21 22 20 11 8 10 23 ]
>> Objective values: [ 0.9167 -2.2917 -1.7333 -1.0833 -10.4 ] | Rank: 2 | Crowding Distance: 1.7976931348623157E308

# [ 14 13 4 14 21 3 23 1 14 15 33 10 24 9 26 18 25 23 22 20 5 6 11 8 10 23 ]
>> Objective values: [ 0.9702 -2.0 -1.8667 -1.0 -10.65 ] | Rank: 2 | Crowding Distance: 1.5122

# [ 1 2 4 14 18 3 23 1 14 15 33 10 24 9 21 22 16 20 11 18 25 5 11 8 20 23 ]
>> Objective values: [ 0.9259 -2.1111 -1.8667 -1.037 -10.65 ] | Rank: 2 | Crowding Distance: 1.7976931348623157E308

# [ 14 13 4 14 1 3 23 1 14 15 33 10 24 9 21 26 18 23 25 20 5 6 11 8 10 23 ]
>> Objective values: [ 0.9506 -2.0741 -1.8667 -1.037 -10.65 ] | Rank: 3 | Crowding Distance: 0.6265


[ END ]

++++++++++++++++ GENERATION: 13 ++++++++++++++++

[ START ]

Parent Population: 10
Child Population: 10

======== PARENT ========

# [ 14 14 9 14 21 3 23 1 14 15 33 26 24 9 18 22 10 20 11 15 23 6 18 8 10 23 ]
>> Objective values: [ 0.941 -2.2083 -1.8 -1.125 -9.775 ] | Rank: 1 | Crowding Distance: 1.7976931348623157E308

# [ 14 14 9 14 1 3 23 1 14 15 33 26 24 9 21 22 10 20 11 15 23 6 18 8 10 23 ]
>> Objective values: [ 0.941 -2.2083 -1.8 -1.125 -9.775 ] | Rank: 1 | Crowding Distance: 1.7976931348623157E308

# [ 14 14 4 14 21 3 23 1 14 15 33 26 24 9 18 18 8 20 11 15 23 6 19 30 10 23 ]
>> Objective values: [ 0.984 -2.0385 -1.8 -1.0385 -9.9 ] | Rank: 1 | Crowding Distance: 2.2772

# [ 14 5 4 14 21 3 23 1 14 15 33 26 24 9 18 18 22 20 11 13 23 6 19 29 10 23 ]
>> Objective values: [ 0.9881 -1.9643 -1.9333 -1.0357 -10.15 ] | Rank: 1 | Crowding Distance: 1.7976931348623157E308

# [ 14 14 9 14 21 3 23 1 14 15 33 26 24 9 18 18 25 23 22 20 5 11 19 29 10 8 ]
>> Objective values: [ 0.9722 -2.0 -1.7333 -0.963 -10.4 ] | Rank: 1 | Crowding Distance: 1.7976931348623157E308

# [ 14 13 4 14 21 3 23 1 14 15 33 26 24 9 18 18 25 23 22 20 5 6 11 8 10 23 ]
>> Objective values: [ 0.9881 -1.9643 -1.8667 -1.0 -10.65 ] | Rank: 1 | Crowding Distance: 1.7976931348623157E308

# [ 14 2 4 14 21 3 23 1 14 15 33 10 24 9 18 18 25 23 5 6 16 22 11 8 20 23 ]
>> Objective values: [ 0.9881 -1.9643 -1.8667 -1.0 -10.65 ] | Rank: 1 | Crowding Distance: 2.9706

# [ 14 14 9 14 1 3 23 1 14 15 33 10 24 9 21 22 10 20 11 15 23 6 18 8 10 23 ]
>> Objective values: [ 0.9239 -2.3043 -1.8 -1.1739 -9.775 ] | Rank: 2 | Crowding Distance: 1.7976931348623157E308

# [ 14 14 9 14 1 3 23 1 14 15 33 10 24 9 21 22 10 20 11 15 23 6 18 8 10 23 ]
>> Objective values: [ 0.9239 -2.3043 -1.8 -1.1739 -9.775 ] | Rank: 2 | Crowding Distance: 1.7976931348623157E308

# [ 14 14 4 14 21 3 23 1 14 15 33 10 24 9 26 18 8 20 11 15 23 6 19 30 10 23 ]
>> Objective values: [ 0.9647 -2.0769 -1.8 -1.0385 -9.9 ] | Rank: 2 | Crowding Distance: 1.7976931348623157E308


======== CHILD ========

# [ 14 14 4 14 1 3 23 1 14 15 33 10 24 9 21 22 10 26 18 8 23 6 19 30 10 23 ]
>> Objective values: [ 0.95 -2.16 -1.8 -1.08 -9.775 ] | Rank: 1 | Crowding Distance: 1.7976931348623157E308

# [ 14 5 4 14 21 3 23 1 14 14 33 26 24 9 21 22 10 18 11 13 23 6 19 29 10 23 ]
>> Objective values: [ 0.9551 -2.1154 -1.9333 -1.1154 -10.025 ] | Rank: 1 | Crowding Distance: 0.7166

# [ 14 10 4 14 21 3 23 1 14 15 9 26 24 9 18 18 22 20 11 13 23 6 10 29 10 23 ]
>> Objective values: [ 0.96 -2.16 -1.9333 -1.16 -10.15 ] | Rank: 1 | Crowding Distance: 1.7976931348623157E308

# [ 14 14 9 14 21 3 23 1 14 15 33 26 24 9 21 22 10 20 11 15 23 6 18 25 5 8 ]
>> Objective values: [ 0.9519 -2.0769 -1.8 -1.0385 -10.4 ] | Rank: 1 | Crowding Distance: 1.7976931348623157E308

# [ 16 8 4 14 21 3 23 1 14 15 33 26 24 9 18 18 25 23 22 20 5 11 19 29 10 6 ]
>> Objective values: [ 0.9833 -1.9 -1.9333 -0.9667 -10.9 ] | Rank: 1 | Crowding Distance: 1.7976931348623157E308

# [ 14 14 9 14 21 3 23 1 14 15 33 26 24 9 18 22 10 20 11 15 23 6 18 8 10 23 ]
>> Objective values: [ 0.941 -2.2083 -1.8 -1.125 -9.775 ] | Rank: 2 | Crowding Distance: 0.6536

# [ 19 29 9 14 21 3 23 1 14 15 32 10 24 9 18 18 25 23 5 6 16 22 11 8 26 20 ]
>> Objective values: [ 0.9655 -1.9655 -1.9333 -1.0 -10.9 ] | Rank: 2 | Crowding Distance: 1.7976931348623157E308

# [ 14 14 9 14 1 3 23 1 14 15 33 26 24 9 18 18 22 21 11 15 23 6 18 8 10 23 ]
>> Objective values: [ 0.9239 -2.3043 -1.8 -1.1739 -9.9 ] | Rank: 3 | Crowding Distance: 0.7891

# [ 14 14 9 14 1 3 23 1 14 15 33 26 6 9 18 18 25 3 22 20 5 11 21 6 10 23 ]
>> Objective values: [ 0.9063 -2.25 -1.8 -1.125 -10.4 ] | Rank: 3 | Crowding Distance: 1.1558

# [ 14 14 33 14 21 3 23 1 14 15 33 10 24 9 26 18 8 22 11 15 23 6 18 8 10 23 ]
>> Objective values: [ 0.8949 -2.3478 -1.8 -1.1739 -9.9 ] | Rank: 4 | Crowding Distance: 1.7976931348623157E308


[ END ]

++++++++++++++++ GENERATION: 14 ++++++++++++++++

[ START ]

Parent Population: 10
Child Population: 10

======== PARENT ========

# [ 14 14 4 14 1 3 23 1 14 15 33 10 24 9 21 22 10 26 18 8 23 6 19 30 10 23 ]
>> Objective values: [ 0.95 -2.16 -1.8 -1.08 -9.775 ] | Rank: 1 | Crowding Distance: 1.7976931348623157E308

# [ 14 14 4 14 21 3 23 1 14 15 33 26 24 9 18 18 8 20 11 15 23 6 19 30 10 23 ]
>> Objective values: [ 0.984 -2.0385 -1.8 -1.0385 -9.9 ] | Rank: 1 | Crowding Distance: 2.9583

# [ 14 5 4 14 21 3 23 1 14 15 33 26 24 9 18 18 22 20 11 13 23 6 19 29 10 23 ]
>> Objective values: [ 0.9881 -1.9643 -1.9333 -1.0357 -10.15 ] | Rank: 1 | Crowding Distance: 1.7976931348623157E308

# [ 14 14 9 14 21 3 23 1 14 15 33 26 24 9 18 18 25 23 22 20 5 11 19 29 10 8 ]
>> Objective values: [ 0.9722 -2.0 -1.7333 -0.963 -10.4 ] | Rank: 1 | Crowding Distance: 1.7976931348623157E308

# [ 14 13 4 14 21 3 23 1 14 15 33 26 24 9 18 18 25 23 22 20 5 6 11 8 10 23 ]
>> Objective values: [ 0.9881 -1.9643 -1.8667 -1.0 -10.65 ] | Rank: 1 | Crowding Distance: 1.7976931348623157E308

# [ 14 2 4 14 21 3 23 1 14 15 33 10 24 9 18 18 25 23 5 6 16 22 11 8 20 23 ]
>> Objective values: [ 0.9881 -1.9643 -1.8667 -1.0 -10.65 ] | Rank: 1 | Crowding Distance: 3.5725

# [ 16 8 4 14 21 3 23 1 14 15 33 26 24 9 18 18 25 23 22 20 5 11 19 29 10 6 ]
>> Objective values: [ 0.9833 -1.9 -1.9333 -0.9667 -10.9 ] | Rank: 1 | Crowding Distance: 1.7976931348623157E308

# [ 14 14 9 14 21 3 23 1 14 15 33 26 24 9 18 22 10 20 11 15 23 6 18 8 10 23 ]
>> Objective values: [ 0.941 -2.2083 -1.8 -1.125 -9.775 ] | Rank: 2 | Crowding Distance: 1.7976931348623157E308

# [ 14 14 9 14 1 3 23 1 14 15 33 26 24 9 21 22 10 20 11 15 23 6 18 8 10 23 ]
>> Objective values: [ 0.941 -2.2083 -1.8 -1.125 -9.775 ] | Rank: 2 | Crowding Distance: 1.7976931348623157E308

# [ 14 14 4 14 21 3 23 1 14 15 33 10 24 9 26 18 8 20 11 15 23 6 19 30 10 23 ]
>> Objective values: [ 0.9647 -2.0769 -1.8 -1.0385 -9.9 ] | Rank: 2 | Crowding Distance: 1.7976931348623157E308


======== CHILD ========

# [ 14 14 4 14 21 3 23 1 14 15 33 26 24 31 18 22 10 20 11 8 23 6 19 30 10 23 ]
>> Objective values: [ 0.9846 -2.0 -1.8 -1.0 -9.775 ] | Rank: 1 | Crowding Distance: 1.7976931348623157E308

# [ 14 13 4 14 21 3 23 1 14 15 33 26 24 9 18 18 25 23 22 20 5 6 11 8 10 23 ]
>> Objective values: [ 0.9881 -1.9643 -1.8667 -1.0 -10.65 ] | Rank: 1 | Crowding Distance: 1.7976931348623157E308

# [ 14 5 4 14 21 3 23 1 14 15 33 26 24 9 18 18 25 23 22 20 11 6 19 29 10 23 ]
>> Objective values: [ 0.9881 -1.9643 -1.8667 -1.0 -10.65 ] | Rank: 1 | Crowding Distance: 0.0

# [ 14 13 4 14 21 3 23 1 14 15 33 26 24 9 18 18 25 23 22 20 5 11 6 8 10 23 ]
>> Objective values: [ 0.9881 -1.9643 -1.8667 -1.0 -10.65 ] | Rank: 1 | Crowding Distance: 0.3831

# [ 32 8 4 14 21 3 23 1 14 15 33 26 24 9 18 18 25 23 22 20 5 11 19 29 10 6 ]
>> Objective values: [ 0.9833 -1.9 -1.9333 -0.9667 -10.9 ] | Rank: 1 | Crowding Distance: 1.7976931348623157E308

# [ 14 14 9 14 1 3 23 1 14 15 33 10 24 9 21 22 10 26 11 20 11 6 18 8 10 23 ]
>> Objective values: [ 0.9132 -2.25 -1.8 -1.125 -10.275 ] | Rank: 2 | Crowding Distance: 1.7976931348623157E308

# [ 14 13 4 14 22 3 23 1 14 15 33 26 24 9 18 18 22 20 11 25 13 6 11 8 10 23 ]
>> Objective values: [ 0.9359 -2.1154 -1.9333 -1.1154 -10.65 ] | Rank: 2 | Crowding Distance: 2.54

# [ 16 8 4 14 21 3 23 1 14 15 33 26 24 9 18 18 25 23 22 20 5 6 11 29 10 6 ]
>> Objective values: [ 0.9655 -1.9655 -1.9333 -1.0 -10.9 ] | Rank: 2 | Crowding Distance: 0.2411

# [ 6 5 4 14 21 3 23 1 14 15 33 26 24 9 18 18 25 23 22 20 5 11 19 29 10 13 ]
>> Objective values: [ 0.9655 -1.9655 -1.9333 -1.0 -10.9 ] | Rank: 2 | Crowding Distance: 0.2179

# [ 5 8 4 14 21 3 23 1 14 15 33 26 33 9 18 18 22 20 11 13 23 6 19 29 10 25 ]
>> Objective values: [ 0.9655 -1.9655 -2.0 -1.0345 -10.9 ] | Rank: 3 | Crowding Distance: 1.7976931348623157E308


[ END ]

++++++++++++++++ GENERATION: 15 ++++++++++++++++

[ START ]

Parent Population: 10
Child Population: 10

======== PARENT ========

# [ 14 14 4 14 21 3 23 1 14 15 33 26 24 31 18 22 10 20 11 8 23 6 19 30 10 23 ]
>> Objective values: [ 0.9846 -2.0 -1.8 -1.0 -9.775 ] | Rank: 1 | Crowding Distance: 1.7976931348623157E308

# [ 14 5 4 14 21 3 23 1 14 15 33 26 24 9 18 18 22 20 11 13 23 6 19 29 10 23 ]
>> Objective values: [ 0.9881 -1.9643 -1.9333 -1.0357 -10.15 ] | Rank: 1 | Crowding Distance: 1.7976931348623157E308

# [ 14 14 9 14 21 3 23 1 14 15 33 26 24 9 18 18 25 23 22 20 5 11 19 29 10 8 ]
>> Objective values: [ 0.9722 -2.0 -1.7333 -0.963 -10.4 ] | Rank: 1 | Crowding Distance: 1.7976931348623157E308

# [ 14 13 4 14 21 3 23 1 14 15 33 26 24 9 18 18 25 23 22 20 5 6 11 8 10 23 ]
>> Objective values: [ 0.9881 -1.9643 -1.8667 -1.0 -10.65 ] | Rank: 1 | Crowding Distance: 1.7976931348623157E308

# [ 14 2 4 14 21 3 23 1 14 15 33 10 24 9 18 18 25 23 5 6 16 22 11 8 20 23 ]
>> Objective values: [ 0.9881 -1.9643 -1.8667 -1.0 -10.65 ] | Rank: 1 | Crowding Distance: 3.5725

# [ 14 13 4 14 21 3 23 1 14 15 33 26 24 9 18 18 25 23 22 20 5 6 11 8 10 23 ]
>> Objective values: [ 0.9881 -1.9643 -1.8667 -1.0 -10.65 ] | Rank: 1 | Crowding Distance: 1.7976931348623157E308

# [ 14 5 4 14 21 3 23 1 14 15 33 26 24 9 18 18 25 23 22 20 11 6 19 29 10 23 ]
>> Objective values: [ 0.9881 -1.9643 -1.8667 -1.0 -10.65 ] | Rank: 1 | Crowding Distance: 0.0

# [ 14 13 4 14 21 3 23 1 14 15 33 26 24 9 18 18 25 23 22 20 5 11 6 8 10 23 ]
>> Objective values: [ 0.9881 -1.9643 -1.8667 -1.0 -10.65 ] | Rank: 1 | Crowding Distance: 0.6829

# [ 16 8 4 14 21 3 23 1 14 15 33 26 24 9 18 18 25 23 22 20 5 11 19 29 10 6 ]
>> Objective values: [ 0.9833 -1.9 -1.9333 -0.9667 -10.9 ] | Rank: 1 | Crowding Distance: 1.7976931348623157E308

# [ 32 8 4 14 21 3 23 1 14 15 33 26 24 9 18 18 25 23 22 20 5 11 19 29 10 6 ]
>> Objective values: [ 0.9833 -1.9 -1.9333 -0.9667 -10.9 ] | Rank: 1 | Crowding Distance: 1.7976931348623157E308


======== CHILD ========

# [ 14 14 4 14 21 3 23 1 14 15 33 26 30 9 31 22 10 20 11 8 23 6 19 30 10 23 ]
>> Objective values: [ 0.9647 -2.0769 -1.8 -1.0385 -9.775 ] | Rank: 1 | Crowding Distance: 1.7976931348623157E308

# [ 14 5 4 14 21 3 23 1 14 15 33 26 24 9 18 7 22 20 11 13 23 6 19 29 10 23 ]
>> Objective values: [ 0.9885 -1.931 -1.9333 -1.0 -10.15 ] | Rank: 1 | Crowding Distance: 1.7976931348623157E308

# [ 14 14 9 14 21 3 23 1 14 15 33 26 24 9 18 18 25 23 22 20 5 11 19 29 10 8 ]
>> Objective values: [ 0.9722 -2.0 -1.7333 -0.963 -10.4 ] | Rank: 1 | Crowding Distance: 1.7976931348623157E308

# [ 14 13 4 14 21 3 23 1 14 15 27 26 24 9 18 18 25 23 22 20 5 11 6 8 10 23 ]
>> Objective values: [ 0.9881 -1.9643 -1.8667 -1.0 -10.65 ] | Rank: 1 | Crowding Distance: 1.0483

# [ 16 8 4 14 21 3 23 1 14 15 33 22 24 31 9 18 25 23 22 20 5 11 19 29 10 6 ]
>> Objective values: [ 0.9667 -1.9333 -1.9333 -0.9667 -10.9 ] | Rank: 1 | Crowding Distance: 0.5889

# [ 5 29 4 14 21 3 23 1 14 15 33 26 24 31 18 22 10 20 11 8 23 6 19 30 9 25 ]
>> Objective values: [ 0.9839 -1.871 -2.0 -0.9677 -10.9 ] | Rank: 1 | Crowding Distance: 1.7976931348623157E308

# [ 14 5 4 14 21 3 23 1 14 15 33 26 24 33 18 18 22 20 11 13 23 6 19 29 10 23 ]
>> Objective values: [ 0.9877 -2.0 -1.9333 -1.0741 -10.15 ] | Rank: 2 | Crowding Distance: 0.8703

# [ 14 13 4 14 21 3 23 1 14 15 33 26 24 9 18 18 1 23 22 20 5 11 19 29 10 23 ]
>> Objective values: [ 0.9691 -2.037 -1.8667 -1.037 -10.65 ] | Rank: 2 | Crowding Distance: 1.1509

# [ 14 3 4 14 21 3 23 1 14 15 33 26 24 9 18 18 22 20 11 13 25 6 11 8 10 23 ]
>> Objective values: [ 0.9753 -2.0 -1.9333 -1.0741 -10.65 ] | Rank: 2 | Crowding Distance: 1.7976931348623157E308

# [ 8 6 30 2 21 3 23 1 14 15 33 26 24 9 18 18 25 23 22 20 5 11 19 29 31 10 ]
>> Objective values: [ 0.9839 -1.871 -2.0667 -1.0 -11.025 ] | Rank: 2 | Crowding Distance: 1.7976931348623157E308


[ END ]

++++++++++++++++ GENERATION: 16 ++++++++++++++++

[ START ]

Parent Population: 10
Child Population: 10

======== PARENT ========

# [ 14 14 4 14 21 3 23 1 14 15 33 26 24 31 18 22 10 20 11 8 23 6 19 30 10 23 ]
>> Objective values: [ 0.9846 -2.0 -1.8 -1.0 -9.775 ] | Rank: 1 | Crowding Distance: 1.7976931348623157E308

# [ 14 5 4 14 21 3 23 1 14 15 33 26 24 9 18 7 22 20 11 13 23 6 19 29 10 23 ]
>> Objective values: [ 0.9885 -1.931 -1.9333 -1.0 -10.15 ] | Rank: 1 | Crowding Distance: 1.7976931348623157E308

# [ 14 14 9 14 21 3 23 1 14 15 33 26 24 9 18 18 25 23 22 20 5 11 19 29 10 8 ]
>> Objective values: [ 0.9722 -2.0 -1.7333 -0.963 -10.4 ] | Rank: 1 | Crowding Distance: 1.7976931348623157E308

# [ 14 14 9 14 21 3 23 1 14 15 33 26 24 9 18 18 25 23 22 20 5 11 19 29 10 8 ]
>> Objective values: [ 0.9722 -2.0 -1.7333 -0.963 -10.4 ] | Rank: 1 | Crowding Distance: 1.7976931348623157E308

# [ 14 13 4 14 21 3 23 1 14 15 33 26 24 9 18 18 25 23 22 20 5 6 11 8 10 23 ]
>> Objective values: [ 0.9881 -1.9643 -1.8667 -1.0 -10.65 ] | Rank: 1 | Crowding Distance: 1.7976931348623157E308

# [ 14 13 4 14 21 3 23 1 14 15 33 26 24 9 18 18 25 23 22 20 5 6 11 8 10 23 ]
>> Objective values: [ 0.9881 -1.9643 -1.8667 -1.0 -10.65 ] | Rank: 1 | Crowding Distance: 1.7976931348623157E308

# [ 16 8 4 14 21 3 23 1 14 15 33 26 24 9 18 18 25 23 22 20 5 11 19 29 10 6 ]
>> Objective values: [ 0.9833 -1.9 -1.9333 -0.9667 -10.9 ] | Rank: 1 | Crowding Distance: 1.7976931348623157E308

# [ 32 8 4 14 21 3 23 1 14 15 33 26 24 9 18 18 25 23 22 20 5 11 19 29 10 6 ]
>> Objective values: [ 0.9833 -1.9 -1.9333 -0.9667 -10.9 ] | Rank: 1 | Crowding Distance: 1.7976931348623157E308

# [ 5 29 4 14 21 3 23 1 14 15 33 26 24 31 18 22 10 20 11 8 23 6 19 30 9 25 ]
>> Objective values: [ 0.9839 -1.871 -2.0 -0.9677 -10.9 ] | Rank: 1 | Crowding Distance: 1.7976931348623157E308

# [ 14 2 4 14 21 3 23 1 14 15 33 10 24 9 18 18 25 23 5 6 16 22 11 8 20 23 ]
>> Objective values: [ 0.9881 -1.9643 -1.8667 -1.0 -10.65 ] | Rank: 1 | Crowding Distance: 3.5725


======== CHILD ========

# [ 14 14 9 14 6 3 23 1 14 15 33 26 24 9 18 18 25 23 22 20 5 11 19 29 10 8 ]
>> Objective values: [ 0.9722 -2.0 -1.7333 -0.963 -10.4 ] | Rank: 1 | Crowding Distance: 1.7976931348623157E308

# [ 14 14 9 14 21 3 23 1 14 15 33 26 24 9 18 18 25 23 22 20 5 11 19 29 10 8 ]
>> Objective values: [ 0.9722 -2.0 -1.7333 -0.963 -10.4 ] | Rank: 1 | Crowding Distance: 0.0824

# [ 16 8 4 14 21 3 23 1 14 15 33 26 24 9 18 18 25 23 22 20 5 11 19 29 10 6 ]
>> Objective values: [ 0.9833 -1.9 -1.9333 -0.9667 -10.9 ] | Rank: 1 | Crowding Distance: 1.7976931348623157E308

# [ 16 8 4 14 21 3 23 1 14 15 33 26 24 9 18 18 25 23 22 20 5 11 19 29 10 6 ]
>> Objective values: [ 0.9833 -1.9 -1.9333 -0.9667 -10.9 ] | Rank: 1 | Crowding Distance: 1.1077

# [ 14 14 9 14 21 3 23 1 14 15 33 26 24 9 18 18 25 23 22 20 10 11 19 29 10 8 ]
>> Objective values: [ 0.9519 -2.0769 -1.7333 -1.0 -10.4 ] | Rank: 2 | Crowding Distance: 1.4937

# [ 14 13 4 14 21 3 23 1 14 15 33 26 24 31 18 22 10 20 11 8 9 25 11 8 10 23 ]
>> Objective values: [ 0.9568 -2.037 -1.9333 -1.0741 -10.525 ] | Rank: 2 | Crowding Distance: 1.5666

# [ 14 5 4 14 21 7 23 1 14 15 33 26 24 20 18 7 22 20 11 13 23 6 19 29 10 2 ]
>> Objective values: [ 0.9583 -2.0 -1.9333 -1.0357 -10.65 ] | Rank: 2 | Crowding Distance: 0.857

# [ 14 5 13 14 21 3 23 1 14 15 33 26 24 9 18 18 25 23 22 32 7 11 13 29 10 23 ]
>> Objective values: [ 0.9691 -2.037 -1.8667 -1.037 -10.65 ] | Rank: 2 | Crowding Distance: 1.0385

# [ 14 13 4 10 21 3 23 1 14 15 33 26 24 9 18 7 22 20 11 13 25 6 11 8 10 23 ]
>> Objective values: [ 0.9286 -2.0714 -2.0667 -1.1071 -11.025 ] | Rank: 2 | Crowding Distance: 1.7976931348623157E308

# [ 14 14 4 31 21 3 23 1 14 15 33 26 24 9 18 18 25 23 22 20 31 11 8 30 10 23 ]
>> Objective values: [ 0.9444 -2.1111 -1.8667 -1.037 -10.775 ] | Rank: 3 | Crowding Distance: 1.7976931348623157E308


[ END ]

++++++++++++++++ GENERATION: 17 ++++++++++++++++

[ START ]

Parent Population: 10
Child Population: 10

======== PARENT ========

# [ 14 14 4 14 21 3 23 1 14 15 33 26 24 31 18 22 10 20 11 8 23 6 19 30 10 23 ]
>> Objective values: [ 0.9846 -2.0 -1.8 -1.0 -9.775 ] | Rank: 1 | Crowding Distance: 1.7976931348623157E308

# [ 14 5 4 14 21 3 23 1 14 15 33 26 24 9 18 7 22 20 11 13 23 6 19 29 10 23 ]
>> Objective values: [ 0.9885 -1.931 -1.9333 -1.0 -10.15 ] | Rank: 1 | Crowding Distance: 1.7976931348623157E308

# [ 14 14 9 14 21 3 23 1 14 15 33 26 24 9 18 18 25 23 22 20 5 11 19 29 10 8 ]
>> Objective values: [ 0.9722 -2.0 -1.7333 -0.963 -10.4 ] | Rank: 1 | Crowding Distance: 1.7976931348623157E308

# [ 14 14 9 14 21 3 23 1 14 15 33 26 24 9 18 18 25 23 22 20 5 11 19 29 10 8 ]
>> Objective values: [ 0.9722 -2.0 -1.7333 -0.963 -10.4 ] | Rank: 1 | Crowding Distance: 1.7976931348623157E308

# [ 14 14 9 14 6 3 23 1 14 15 33 26 24 9 18 18 25 23 22 20 5 11 19 29 10 8 ]
>> Objective values: [ 0.9722 -2.0 -1.7333 -0.963 -10.4 ] | Rank: 1 | Crowding Distance: 1.7976931348623157E308

# [ 14 13 4 14 21 3 23 1 14 15 33 26 24 9 18 18 25 23 22 20 5 6 11 8 10 23 ]
>> Objective values: [ 0.9881 -1.9643 -1.8667 -1.0 -10.65 ] | Rank: 1 | Crowding Distance: 1.7976931348623157E308

# [ 14 13 4 14 21 3 23 1 14 15 33 26 24 9 18 18 25 23 22 20 5 6 11 8 10 23 ]
>> Objective values: [ 0.9881 -1.9643 -1.8667 -1.0 -10.65 ] | Rank: 1 | Crowding Distance: 1.7976931348623157E308

# [ 16 8 4 14 21 3 23 1 14 15 33 26 24 9 18 18 25 23 22 20 5 11 19 29 10 6 ]
>> Objective values: [ 0.9833 -1.9 -1.9333 -0.9667 -10.9 ] | Rank: 1 | Crowding Distance: 1.7976931348623157E308

# [ 32 8 4 14 21 3 23 1 14 15 33 26 24 9 18 18 25 23 22 20 5 11 19 29 10 6 ]
>> Objective values: [ 0.9833 -1.9 -1.9333 -0.9667 -10.9 ] | Rank: 1 | Crowding Distance: 1.7976931348623157E308

# [ 16 8 4 14 21 3 23 1 14 15 33 26 24 9 18 18 25 23 22 20 5 11 19 29 10 6 ]
>> Objective values: [ 0.9833 -1.9 -1.9333 -0.9667 -10.9 ] | Rank: 1 | Crowding Distance: 1.7976931348623157E308


======== CHILD ========

# [ 14 5 4 14 21 3 23 1 14 15 33 26 24 9 18 7 22 20 11 13 23 6 19 29 22 23 ]
>> Objective values: [ 0.9881 -1.9643 -1.9333 -1.0357 -10.025 ] | Rank: 1 | Crowding Distance: 1.7976931348623157E308

# [ 14 14 9 14 21 3 23 1 14 15 33 26 24 9 14 18 25 23 22 20 5 6 11 19 10 8 ]
>> Objective values: [ 0.9704 -2.0 -1.7333 -0.963 -10.15 ] | Rank: 1 | Crowding Distance: 0.9445

# [ 14 14 9 14 6 3 23 1 14 15 33 26 24 9 18 18 25 23 22 20 5 11 19 29 10 8 ]
>> Objective values: [ 0.9722 -2.0 -1.7333 -0.963 -10.4 ] | Rank: 1 | Crowding Distance: 1.7976931348623157E308

# [ 8 30 4 14 21 3 23 1 14 15 33 26 24 9 18 7 22 20 11 13 23 6 19 29 10 31 ]
>> Objective values: [ 0.9839 -1.871 -2.0 -0.9677 -10.9 ] | Rank: 1 | Crowding Distance: 1.7976931348623157E308

# [ 17 14 12 14 21 3 23 1 14 15 33 26 24 9 18 18 25 23 5 4 7 22 20 29 10 23 ]
>> Objective values: [ 0.9762 -2.0 -1.8667 -1.0 -10.9 ] | Rank: 1 | Crowding Distance: 0.9851

# [ 16 8 4 14 21 3 23 1 14 15 33 26 24 9 18 18 25 23 22 20 5 11 19 6 10 6 ]
>> Objective values: [ 0.9655 -1.9655 -1.9333 -1.0 -10.9 ] | Rank: 1 | Crowding Distance: 0.8933

# [ 14 14 9 14 21 3 23 1 14 15 33 26 24 9 18 18 25 23 29 20 5 11 19 29 10 8 ]
>> Objective values: [ 0.9519 -2.0769 -1.7333 -1.0 -10.4 ] | Rank: 2 | Crowding Distance: 2.0221

# [ 14 5 4 14 23 3 23 1 14 15 33 26 24 9 18 7 22 20 25 20 5 11 19 29 10 8 ]
>> Objective values: [ 0.9762 -1.9643 -1.9333 -1.0357 -10.65 ] | Rank: 2 | Crowding Distance: 0.8899

# [ 25 13 29 14 21 3 23 1 14 15 31 26 26 31 18 22 10 20 11 8 23 6 19 30 10 9 ]
>> Objective values: [ 0.9821 -1.9643 -2.0 -1.0714 -10.775 ] | Rank: 2 | Crowding Distance: 1.7976931348623157E308

# [ 21 13 4 14 21 18 23 1 14 15 33 26 24 9 18 18 25 23 22 20 5 11 19 6 10 23 ]
>> Objective values: [ 0.9444 -2.1111 -1.9333 -1.0741 -10.9 ] | Rank: 2 | Crowding Distance: 1.7976931348623157E308


[ END ]

++++++++++++++++ GENERATION: 18 ++++++++++++++++

[ START ]

Parent Population: 10
Child Population: 10

======== PARENT ========

# [ 14 14 4 14 21 3 23 1 14 15 33 26 24 31 18 22 10 20 11 8 23 6 19 30 10 23 ]
>> Objective values: [ 0.9846 -2.0 -1.8 -1.0 -9.775 ] | Rank: 1 | Crowding Distance: 1.7976931348623157E308

# [ 14 5 4 14 21 3 23 1 14 15 33 26 24 9 18 7 22 20 11 13 23 6 19 29 22 23 ]
>> Objective values: [ 0.9881 -1.9643 -1.9333 -1.0357 -10.025 ] | Rank: 1 | Crowding Distance: 1.7976931348623157E308

# [ 14 5 4 14 21 3 23 1 14 15 33 26 24 9 18 7 22 20 11 13 23 6 19 29 10 23 ]
>> Objective values: [ 0.9885 -1.931 -1.9333 -1.0 -10.15 ] | Rank: 1 | Crowding Distance: 1.7976931348623157E308

# [ 14 14 9 14 21 3 23 1 14 15 33 26 24 9 18 18 25 23 22 20 5 11 19 29 10 8 ]
>> Objective values: [ 0.9722 -2.0 -1.7333 -0.963 -10.4 ] | Rank: 1 | Crowding Distance: 1.7976931348623157E308

# [ 14 14 9 14 21 3 23 1 14 15 33 26 24 9 18 18 25 23 22 20 5 11 19 29 10 8 ]
>> Objective values: [ 0.9722 -2.0 -1.7333 -0.963 -10.4 ] | Rank: 1 | Crowding Distance: 1.7976931348623157E308

# [ 14 14 9 14 6 3 23 1 14 15 33 26 24 9 18 18 25 23 22 20 5 11 19 29 10 8 ]
>> Objective values: [ 0.9722 -2.0 -1.7333 -0.963 -10.4 ] | Rank: 1 | Crowding Distance: 1.7976931348623157E308

# [ 14 14 9 14 6 3 23 1 14 15 33 26 24 9 18 18 25 23 22 20 5 11 19 29 10 8 ]
>> Objective values: [ 0.9722 -2.0 -1.7333 -0.963 -10.4 ] | Rank: 1 | Crowding Distance: 1.7976931348623157E308

# [ 14 13 4 14 21 3 23 1 14 15 33 26 24 9 18 18 25 23 22 20 5 6 11 8 10 23 ]
>> Objective values: [ 0.9881 -1.9643 -1.8667 -1.0 -10.65 ] | Rank: 1 | Crowding Distance: 1.7976931348623157E308

# [ 14 13 4 14 21 3 23 1 14 15 33 26 24 9 18 18 25 23 22 20 5 6 11 8 10 23 ]
>> Objective values: [ 0.9881 -1.9643 -1.8667 -1.0 -10.65 ] | Rank: 1 | Crowding Distance: 1.7976931348623157E308

# [ 16 8 4 14 21 3 23 1 14 15 33 26 24 9 18 18 25 23 22 20 5 11 19 29 10 6 ]
>> Objective values: [ 0.9833 -1.9 -1.9333 -0.9667 -10.9 ] | Rank: 1 | Crowding Distance: 1.7976931348623157E308


======== CHILD ========

# [ 14 14 9 14 6 3 23 1 14 15 33 26 24 18 18 18 25 23 22 20 5 11 19 29 10 25 ]
>> Objective values: [ 0.9712 -2.0385 -1.6667 -0.9615 -9.65 ] | Rank: 1 | Crowding Distance: 1.7976931348623157E308

# [ 14 14 4 14 21 3 23 1 14 15 33 26 24 9 18 18 31 22 11 8 23 6 19 30 10 23 ]
>> Objective values: [ 0.9846 -2.0 -1.8 -1.0 -9.9 ] | Rank: 1 | Crowding Distance: 0.5

# [ 14 14 9 14 21 16 23 1 14 15 33 26 24 31 18 22 10 20 25 20 1 11 19 29 10 8 ]
>> Objective values: [ 0.9907 -1.963 -1.8 -1.0 -10.275 ] | Rank: 1 | Crowding Distance: 1.3787

# [ 14 14 9 14 21 3 23 1 14 15 33 26 24 31 18 22 25 23 22 20 5 11 19 29 10 8 ]
>> Objective values: [ 0.9732 -1.9643 -1.7333 -0.9286 -10.4 ] | Rank: 1 | Crowding Distance: 1.7976931348623157E308

# [ 14 14 4 14 21 3 23 1 14 15 33 26 24 9 18 18 25 23 31 22 20 6 19 30 10 23 ]
>> Objective values: [ 0.9846 -2.0 -1.7333 -0.963 -10.4 ] | Rank: 1 | Crowding Distance: 0.5732

# [ 14 14 4 14 21 3 23 1 14 15 33 26 24 9 18 18 25 23 22 20 5 31 11 8 10 23 ]
>> Objective values: [ 0.9846 -2.0 -1.7333 -0.963 -10.4 ] | Rank: 1 | Crowding Distance: 0.4453

# [ 14 14 9 14 21 3 23 1 14 15 33 26 24 9 18 18 25 32 22 20 5 11 19 29 10 8 ]
>> Objective values: [ 0.9911 -1.9286 -1.8 -0.9643 -10.4 ] | Rank: 1 | Crowding Distance: 1.7976931348623157E308

# [ 14 14 9 14 21 3 23 1 14 15 33 26 24 31 18 22 10 20 11 8 23 25 5 29 10 8 ]
>> Objective values: [ 0.9722 -2.0 -1.8 -1.0 -10.275 ] | Rank: 2 | Crowding Distance: 0.9894

# [ 14 14 9 14 21 16 23 1 14 15 33 26 24 9 18 18 25 23 22 20 5 11 19 6 10 8 ]
>> Objective values: [ 0.9722 -2.0 -1.7333 -0.963 -10.4 ] | Rank: 2 | Crowding Distance: 0.3075

# [ 16 8 4 14 6 3 23 1 14 15 33 26 24 9 18 18 25 23 22 20 5 11 19 21 10 6 ]
>> Objective values: [ 0.9655 -1.9655 -1.9333 -1.0 -10.9 ] | Rank: 2 | Crowding Distance: 1.7976931348623157E308


[ END ]

++++++++++++++++ GENERATION: 19 ++++++++++++++++

[ START ]

Parent Population: 10
Child Population: 10

======== PARENT ========

# [ 14 14 9 14 6 3 23 1 14 15 33 26 24 18 18 18 25 23 22 20 5 11 19 29 10 25 ]
>> Objective values: [ 0.9712 -2.0385 -1.6667 -0.9615 -9.65 ] | Rank: 1 | Crowding Distance: 1.7976931348623157E308

# [ 14 14 4 14 21 3 23 1 14 15 33 26 24 31 18 22 10 20 11 8 23 6 19 30 10 23 ]
>> Objective values: [ 0.9846 -2.0 -1.8 -1.0 -9.775 ] | Rank: 1 | Crowding Distance: 1.7976931348623157E308

# [ 14 5 4 14 21 3 23 1 14 15 33 26 24 9 18 7 22 20 11 13 23 6 19 29 22 23 ]
>> Objective values: [ 0.9881 -1.9643 -1.9333 -1.0357 -10.025 ] | Rank: 1 | Crowding Distance: 1.7976931348623157E308

# [ 14 5 4 14 21 3 23 1 14 15 33 26 24 9 18 7 22 20 11 13 23 6 19 29 10 23 ]
>> Objective values: [ 0.9885 -1.931 -1.9333 -1.0 -10.15 ] | Rank: 1 | Crowding Distance: 1.7976931348623157E308

# [ 14 14 9 14 21 16 23 1 14 15 33 26 24 31 18 22 10 20 25 20 1 11 19 29 10 8 ]
>> Objective values: [ 0.9907 -1.963 -1.8 -1.0 -10.275 ] | Rank: 1 | Crowding Distance: 2.1316

# [ 14 14 9 14 21 3 23 1 14 15 33 26 24 31 18 22 25 23 22 20 5 11 19 29 10 8 ]
>> Objective values: [ 0.9732 -1.9643 -1.7333 -0.9286 -10.4 ] | Rank: 1 | Crowding Distance: 1.7976931348623157E308

# [ 14 14 4 14 21 3 23 1 14 15 33 26 24 9 18 18 25 23 31 22 20 6 19 30 10 23 ]
>> Objective values: [ 0.9846 -2.0 -1.7333 -0.963 -10.4 ] | Rank: 1 | Crowding Distance: 0.5872

# [ 14 14 4 14 21 3 23 1 14 15 33 26 24 9 18 18 25 23 22 20 5 31 11 8 10 23 ]
>> Objective values: [ 0.9846 -2.0 -1.7333 -0.963 -10.4 ] | Rank: 1 | Crowding Distance: 0.4961

# [ 14 14 9 14 21 3 23 1 14 15 33 26 24 9 18 18 25 32 22 20 5 11 19 29 10 8 ]
>> Objective values: [ 0.9911 -1.9286 -1.8 -0.9643 -10.4 ] | Rank: 1 | Crowding Distance: 1.7976931348623157E308

# [ 16 8 4 14 21 3 23 1 14 15 33 26 24 9 18 18 25 23 22 20 5 11 19 29 10 6 ]
>> Objective values: [ 0.9833 -1.9 -1.9333 -0.9667 -10.9 ] | Rank: 1 | Crowding Distance: 1.7976931348623157E308


======== CHILD ========

# [ 14 5 4 14 21 3 23 1 14 15 33 26 24 9 18 7 22 20 11 13 23 6 19 29 22 23 ]
>> Objective values: [ 0.9881 -1.9643 -1.9333 -1.0357 -10.025 ] | Rank: 1 | Crowding Distance: 1.7976931348623157E308

# [ 14 14 31 14 21 3 23 1 14 15 33 26 24 9 18 18 25 23 22 20 5 32 19 29 10 8 ]
>> Objective values: [ 0.9911 -1.9286 -1.7333 -0.9286 -10.4 ] | Rank: 1 | Crowding Distance: 1.7976931348623157E308

# [ 29 14 9 14 21 3 23 1 14 15 33 26 24 31 18 22 10 20 11 8 23 6 19 30 16 25 ]
>> Objective values: [ 0.9833 -1.9 -1.9333 -0.9667 -10.9 ] | Rank: 1 | Crowding Distance: 1.1984

# [ 16 8 4 14 21 3 23 1 14 15 33 26 24 9 11 18 25 32 22 20 5 11 19 29 10 6 ]
>> Objective values: [ 0.9839 -1.871 -2.0 -0.9677 -10.9 ] | Rank: 1 | Crowding Distance: 1.7976931348623157E308

# [ 14 5 4 14 33 3 23 1 14 15 33 26 24 9 18 7 22 20 11 13 23 6 19 29 10 23 ]
>> Objective values: [ 0.9702 -2.0 -1.9333 -1.0357 -10.15 ] | Rank: 2 | Crowding Distance: 1.2675

# [ 14 14 9 14 21 16 23 1 14 15 33 26 24 31 18 22 3 23 22 20 5 11 19 29 10 8 ]
>> Objective values: [ 0.9732 -1.9643 -1.7333 -0.9286 -10.4 ] | Rank: 2 | Crowding Distance: 0.8096

# [ 14 14 9 14 21 3 23 1 14 15 33 26 24 31 18 22 16 20 25 20 1 11 19 29 10 8 ]
>> Objective values: [ 0.9911 -1.9286 -1.8 -0.9643 -10.4 ] | Rank: 2 | Crowding Distance: 1.3892

# [ 6 30 4 14 21 16 23 1 14 15 33 26 29 31 18 21 10 20 25 20 1 11 19 29 3 8 ]
>> Objective values: [ 0.9464 -2.0357 -2.0 -1.0714 -10.9 ] | Rank: 2 | Crowding Distance: 1.7976931348623157E308

# [ 11 8 4 14 21 3 23 1 14 15 33 26 24 31 18 22 25 23 22 20 5 9 19 29 10 6 ]
>> Objective values: [ 0.9667 -1.9333 -1.9333 -0.9667 -10.9 ] | Rank: 3 | Crowding Distance: 0.4829

# [ 31 14 9 14 13 3 23 1 14 15 33 26 24 9 18 18 25 23 22 20 5 31 19 29 10 1 ]
>> Objective values: [ 0.9231 -2.1538 -1.8667 -1.0769 -10.9 ] | Rank: 3 | Crowding Distance: 1.7976931348623157E308


[ END ]

++++++++++++++++ GENERATION: 20 ++++++++++++++++

[ START ]

Parent Population: 10
Child Population: 10

======== PARENT ========

# [ 14 14 9 14 6 3 23 1 14 15 33 26 24 18 18 18 25 23 22 20 5 11 19 29 10 25 ]
>> Objective values: [ 0.9712 -2.0385 -1.6667 -0.9615 -9.65 ] | Rank: 1 | Crowding Distance: 1.7976931348623157E308

# [ 14 14 4 14 21 3 23 1 14 15 33 26 24 31 18 22 10 20 11 8 23 6 19 30 10 23 ]
>> Objective values: [ 0.9846 -2.0 -1.8 -1.0 -9.775 ] | Rank: 1 | Crowding Distance: 1.7976931348623157E308

# [ 14 5 4 14 21 3 23 1 14 15 33 26 24 9 18 7 22 20 11 13 23 6 19 29 22 23 ]
>> Objective values: [ 0.9881 -1.9643 -1.9333 -1.0357 -10.025 ] | Rank: 1 | Crowding Distance: 1.7976931348623157E308

# [ 14 5 4 14 21 3 23 1 14 15 33 26 24 9 18 7 22 20 11 13 23 6 19 29 22 23 ]
>> Objective values: [ 0.9881 -1.9643 -1.9333 -1.0357 -10.025 ] | Rank: 1 | Crowding Distance: 1.7976931348623157E308

# [ 14 5 4 14 21 3 23 1 14 15 33 26 24 9 18 7 22 20 11 13 23 6 19 29 10 23 ]
>> Objective values: [ 0.9885 -1.931 -1.9333 -1.0 -10.15 ] | Rank: 1 | Crowding Distance: 1.7976931348623157E308

# [ 14 14 9 14 21 16 23 1 14 15 33 26 24 31 18 22 10 20 25 20 1 11 19 29 10 8 ]
>> Objective values: [ 0.9907 -1.963 -1.8 -1.0 -10.275 ] | Rank: 1 | Crowding Distance: 2.6972

# [ 14 14 31 14 21 3 23 1 14 15 33 26 24 9 18 18 25 23 22 20 5 32 19 29 10 8 ]
>> Objective values: [ 0.9911 -1.9286 -1.7333 -0.9286 -10.4 ] | Rank: 1 | Crowding Distance: 1.7976931348623157E308

# [ 16 8 4 14 21 3 23 1 14 15 33 26 24 9 18 18 25 23 22 20 5 11 19 29 10 6 ]
>> Objective values: [ 0.9833 -1.9 -1.9333 -0.9667 -10.9 ] | Rank: 1 | Crowding Distance: 1.7976931348623157E308

# [ 29 14 9 14 21 3 23 1 14 15 33 26 24 31 18 22 10 20 11 8 23 6 19 30 16 25 ]
>> Objective values: [ 0.9833 -1.9 -1.9333 -0.9667 -10.9 ] | Rank: 1 | Crowding Distance: 1.448

# [ 16 8 4 14 21 3 23 1 14 15 33 26 24 9 11 18 25 32 22 20 5 11 19 29 10 6 ]
>> Objective values: [ 0.9839 -1.871 -2.0 -0.9677 -10.9 ] | Rank: 1 | Crowding Distance: 1.7976931348623157E308


======== CHILD ========

# [ 14 5 4 14 21 3 23 1 14 27 33 26 24 9 11 18 22 27 11 13 23 6 19 14 10 23 ]
>> Objective values: [ 0.9551 -2.1154 -1.8667 -1.0769 -9.65 ] | Rank: 1 | Crowding Distance: 1.7976931348623157E308

# [ 14 14 4 14 21 3 23 1 14 15 33 26 24 9 19 7 22 31 11 8 23 6 19 30 10 23 ]
>> Objective values: [ 0.966 -2.037 -1.8 -1.0 -9.9 ] | Rank: 1 | Crowding Distance: 1.1981

# [ 14 5 4 14 21 3 23 1 14 15 33 26 24 9 18 7 22 20 11 13 23 6 19 29 22 23 ]
>> Objective values: [ 0.9881 -1.9643 -1.9333 -1.0357 -10.025 ] | Rank: 1 | Crowding Distance: 1.2211

# [ 14 14 31 14 21 3 23 1 14 15 33 26 24 9 18 7 22 20 11 13 23 6 19 25 5 32 ]
>> Objective values: [ 0.9914 -1.8966 -1.8 -0.931 -10.4 ] | Rank: 1 | Crowding Distance: 1.7976931348623157E308

# [ 16 8 4 14 21 3 23 1 14 15 33 26 24 9 18 18 25 32 22 20 5 11 19 29 10 6 ]
>> Objective values: [ 1.0 -1.8387 -2.0 -0.9677 -10.9 ] | Rank: 1 | Crowding Distance: 1.7976931348623157E308

# [ 14 5 4 14 21 3 23 1 14 15 33 26 24 31 18 22 21 9 7 13 23 6 19 29 22 23 ]
>> Objective values: [ 0.9506 -2.0741 -1.9333 -1.0741 -10.15 ] | Rank: 2 | Crowding Distance: 1.7976931348623157E308

# [ 14 14 31 14 21 3 2 1 14 15 33 26 5 19 18 18 25 23 22 20 5 32 19 29 10 8 ]
>> Objective values: [ 0.9722 -2.0 -1.8 -1.0 -10.4 ] | Rank: 2 | Crowding Distance: 1.2343

# [ 11 13 6 14 21 3 23 1 14 15 33 26 24 9 18 18 25 23 22 20 5 32 19 29 10 7 ]
>> Objective values: [ 0.9833 -1.9 -1.9333 -0.9667 -10.9 ] | Rank: 2 | Crowding Distance: 1.466

# [ 5 32 31 14 21 3 23 1 14 15 33 26 24 9 18 7 22 20 11 13 23 6 19 29 10 25 ]
>> Objective values: [ 0.9839 -1.871 -2.0 -0.9677 -10.9 ] | Rank: 2 | Crowding Distance: 1.7976931348623157E308

# [ 6 5 4 14 21 14 23 1 14 15 33 26 24 9 18 18 6 23 22 20 5 32 19 7 11 13 ]
>> Objective values: [ 0.963 -2.037 -1.9333 -1.0741 -10.9 ] | Rank: 2 | Crowding Distance: 1.7976931348623157E308


[ END ]
------------------------------------------------
NSGA-II ENDED SUCCESSFULLY

