
[ 2021-06-21T19:44:39.958 ]

** To stop reporter from printing to console, change Reporter.silent to true or call Configuration.beSilent()
** Reporter is writing to disk at output\NSGA-II-report-55847.txt.
** Plotting pareto front.
** Plotting compiled graph for all generations
** To change this behavior, change Reporter.writeToDisk or call Cofiguration.writeToDisk(boolean).
** To change location and file name of where to save the file, change Reporter.filename.

------------------------------------------------
   NON-DOMINATED SORTING GENETIC ALGORITHM-II   
------------------------------------------------

Population Size: 10 [valid]
Generations: 10 [valid]
Chromosome Length: 26 [valid]
Population Producer: [valid]
Child Population Producer: [valid]
Genetic Code Producer: [valid]
Objectives: [valid]
Crossover Operator: [provided]
Mutation Operator: [provided]
Generation Driver: [provided]
Fitness Calculator: [not provided]

++++++++++++++++ GENERATION: 0 ++++++++++++++++

[ START ]

Parent Population: 10
Child Population: 10

======== PARENT ========

# [ 4 12 21 11 5 9 18 1 5 18 5 2 20 20 22 9 2 26 6 13 15 21 26 16 19 15 ]
>> Objective values: [ 0.8681 -2.375 -2.0667 -1.2917 -9.775 ] | Rank: 1 | Crowding Distance: 1.7976931348623157E308

# [ 6 14 21 9 19 11 10 5 20 2 17 2 1 26 18 5 13 13 22 23 19 11 14 1 12 11 ]
>> Objective values: [ 0.8733 -2.32 -2.1333 -1.28 -10.9 ] | Rank: 1 | Crowding Distance: 0.624

# [ 2 21 15 4 17 17 10 22 9 19 14 20 24 25 16 8 26 3 14 18 20 19 6 13 23 19 ]
>> Objective values: [ 0.9226 -2.1071 -2.1333 -1.1429 -11.025 ] | Rank: 1 | Crowding Distance: 1.7976931348623157E308

# [ 24 6 20 12 3 8 7 7 15 12 21 2 13 2 24 16 13 19 25 2 8 1 4 15 13 15 ]
>> Objective values: [ 0.8623 -2.4783 -2.1333 -1.3913 -10.65 ] | Rank: 2 | Crowding Distance: 1.411

# [ 16 14 22 22 12 21 5 15 14 21 23 16 26 26 15 7 13 24 23 2 3 20 15 3 11 21 ]
>> Objective values: [ 0.8333 -2.5217 -2.0667 -1.3478 -10.9 ] | Rank: 2 | Crowding Distance: 1.5367

# [ 8 16 2 21 9 26 21 19 17 25 6 13 1 24 20 20 16 24 14 24 18 2 9 7 15 2 ]
>> Objective values: [ 0.9 -2.28 -2.1333 -1.28 -11.025 ] | Rank: 2 | Crowding Distance: 1.2507

# [ 18 1 3 11 17 14 21 11 8 24 16 15 5 23 13 11 4 20 8 23 17 1 8 21 21 23 ]
>> Objective values: [ 0.8551 -2.5217 -2.0667 -1.3478 -11.025 ] | Rank: 2 | Crowding Distance: 0.4546

# [ 8 7 20 16 10 12 1 22 10 14 24 14 25 4 22 11 6 22 10 25 4 12 4 1 23 1 ]
>> Objective values: [ 0.8106 -2.6818 -2.1333 -1.4545 -11.025 ] | Rank: 2 | Crowding Distance: 1.7976931348623157E308

# [ 19 26 9 21 18 20 16 12 22 15 17 2 17 3 5 7 5 7 8 26 8 22 25 15 16 23 ]
>> Objective values: [ 0.84 -2.36 -2.1333 -1.28 -11.025 ] | Rank: 3 | Crowding Distance: 0.3278

# [ 3 13 14 6 17 16 2 17 1 23 7 17 2 15 13 9 25 14 18 1 6 7 22 26 9 17 ]
>> Objective values: [ 0.8152 -2.5652 -2.1333 -1.3913 -11.025 ] | Rank: 3 | Crowding Distance: 0.6841


======== CHILD ========

# [ 19 26 9 21 5 9 18 1 5 18 5 2 20 3 22 9 2 12 17 3 7 22 25 15 16 23 ]
>> Objective values: [ 0.8867 -2.32 -2.0667 -1.24 -10.275 ] | Rank: 1 | Crowding Distance: 1.7976931348623157E308

# [ 2 21 15 4 12 17 10 22 9 19 14 20 13 2 24 16 13 19 25 2 8 26 3 18 23 19 ]
>> Objective values: [ 0.9583 -2.0357 -2.0667 -1.1071 -10.525 ] | Rank: 1 | Crowding Distance: 1.5279

# [ 26 12 21 11 18 20 16 12 22 15 17 2 17 3 5 7 5 9 1 13 15 26 12 16 19 15 ]
>> Objective values: [ 0.88 -2.32 -2.0 -1.2 -10.525 ] | Rank: 1 | Crowding Distance: 1.7976931348623157E308

# [ 8 14 21 9 19 11 10 5 20 2 17 2 1 26 18 7 16 24 22 25 4 12 4 1 23 1 ]
>> Objective values: [ 0.9425 -2.0345 -2.1333 -1.1034 -11.025 ] | Rank: 1 | Crowding Distance: 1.7976931348623157E308

# [ 26 3 17 4 17 17 10 19 29 25 6 13 1 24 20 20 16 24 14 24 18 2 9 7 22 8 ]
>> Objective values: [ 0.9643 -2.0357 -2.1333 -1.1429 -11.025 ] | Rank: 1 | Crowding Distance: 1.7976931348623157E308

# [ 24 6 20 12 3 8 7 7 15 12 21 2 24 25 16 8 26 3 14 18 20 19 4 15 13 15 ]
>> Objective values: [ 0.8733 -2.32 -2.1333 -1.28 -10.775 ] | Rank: 2 | Crowding Distance: 1.7976931348623157E308

# [ 19 26 9 21 18 11 10 5 20 2 17 2 1 26 18 5 12 13 12 3 7 22 25 15 16 23 ]
>> Objective values: [ 0.9107 -2.1071 -2.1333 -1.1429 -11.025 ] | Rank: 2 | Crowding Distance: 0.5716

# [ 6 14 21 9 19 20 16 12 22 15 17 2 17 3 5 7 5 7 10 26 18 13 14 1 12 11 ]
>> Objective values: [ 0.9107 -2.1071 -2.1333 -1.1429 -11.025 ] | Rank: 2 | Crowding Distance: 1.1338

# [ 6 7 20 16 10 12 1 22 10 20 24 14 25 4 22 16 9 5 2 17 26 18 14 1 12 11 ]
>> Objective values: [ 0.8654 -2.2692 -2.1333 -1.2308 -11.025 ] | Rank: 3 | Crowding Distance: 0.8221

# [ 7 16 2 21 9 26 21 22 9 19 14 20 24 25 16 8 26 3 14 18 20 19 6 13 17 1 ]
>> Objective values: [ 0.8654 -2.2692 -2.1333 -1.2308 -11.025 ] | Rank: 3 | Crowding Distance: 1.7976931348623157E308


[ END ]

++++++++++++++++ GENERATION: 1 ++++++++++++++++

[ START ]

Parent Population: 10
Child Population: 10

======== PARENT ========

# [ 4 12 21 11 5 9 18 1 5 18 5 2 20 20 22 9 2 26 6 13 15 21 26 16 19 15 ]
>> Objective values: [ 0.8681 -2.375 -2.0667 -1.2917 -9.775 ] | Rank: 1 | Crowding Distance: 1.7976931348623157E308

# [ 19 26 9 21 5 9 18 1 5 18 5 2 20 3 22 9 2 12 17 3 7 22 25 15 16 23 ]
>> Objective values: [ 0.8867 -2.32 -2.0667 -1.24 -10.275 ] | Rank: 1 | Crowding Distance: 1.7976931348623157E308

# [ 2 21 15 4 12 17 10 22 9 19 14 20 13 2 24 16 13 19 25 2 8 26 3 18 23 19 ]
>> Objective values: [ 0.9583 -2.0357 -2.0667 -1.1071 -10.525 ] | Rank: 1 | Crowding Distance: 2.5929

# [ 26 12 21 11 18 20 16 12 22 15 17 2 17 3 5 7 5 9 1 13 15 26 12 16 19 15 ]
>> Objective values: [ 0.88 -2.32 -2.0 -1.2 -10.525 ] | Rank: 1 | Crowding Distance: 1.7976931348623157E308

# [ 8 14 21 9 19 11 10 5 20 2 17 2 1 26 18 7 16 24 22 25 4 12 4 1 23 1 ]
>> Objective values: [ 0.9425 -2.0345 -2.1333 -1.1034 -11.025 ] | Rank: 1 | Crowding Distance: 1.7976931348623157E308

# [ 26 3 17 4 17 17 10 19 29 25 6 13 1 24 20 20 16 24 14 24 18 2 9 7 22 8 ]
>> Objective values: [ 0.9643 -2.0357 -2.1333 -1.1429 -11.025 ] | Rank: 1 | Crowding Distance: 1.7976931348623157E308

# [ 24 6 20 12 3 8 7 7 15 12 21 2 24 25 16 8 26 3 14 18 20 19 4 15 13 15 ]
>> Objective values: [ 0.8733 -2.32 -2.1333 -1.28 -10.775 ] | Rank: 2 | Crowding Distance: 1.7976931348623157E308

# [ 2 21 15 4 17 17 10 22 9 19 14 20 24 25 16 8 26 3 14 18 20 19 6 13 23 19 ]
>> Objective values: [ 0.9226 -2.1071 -2.1333 -1.1429 -11.025 ] | Rank: 2 | Crowding Distance: 1.7976931348623157E308

# [ 7 16 2 21 9 26 21 22 9 19 14 20 24 25 16 8 26 3 14 18 20 19 6 13 17 1 ]
>> Objective values: [ 0.8654 -2.2692 -2.1333 -1.2308 -11.025 ] | Rank: 2 | Crowding Distance: 1.7976931348623157E308

# [ 16 14 22 22 12 21 5 15 14 21 23 16 26 26 15 7 13 24 23 2 3 20 15 3 11 21 ]
>> Objective values: [ 0.8333 -2.5217 -2.0667 -1.3478 -10.9 ] | Rank: 2 | Crowding Distance: 2.4888


======== CHILD ========

# [ 26 12 21 11 5 9 18 1 21 18 5 2 12 20 22 9 2 26 17 3 7 26 12 16 19 15 ]
>> Objective values: [ 0.8889 -2.3333 -1.9333 -1.2083 -9.525 ] | Rank: 1 | Crowding Distance: 1.7976931348623157E308

# [ 16 14 22 22 12 21 5 22 9 19 14 20 13 2 24 16 13 19 25 2 23 26 7 3 11 21 ]
>> Objective values: [ 0.8733 -2.32 -2.0 -1.2 -10.525 ] | Rank: 1 | Crowding Distance: 1.5947

# [ 2 21 15 4 12 17 10 15 14 21 23 16 26 26 15 7 13 24 23 2 22 9 20 25 23 19 ]
>> Objective values: [ 0.9103 -2.2308 -2.0667 -1.1923 -10.9 ] | Rank: 1 | Crowding Distance: 0.6802

# [ 26 14 21 9 19 11 10 5 20 2 17 2 1 26 18 7 3 4 29 25 6 13 24 7 22 8 ]
>> Objective values: [ 0.9667 -1.9333 -2.1333 -1.0667 -11.025 ] | Rank: 1 | Crowding Distance: 1.7976931348623157E308

# [ 8 3 17 4 17 17 3 19 29 30 6 13 1 24 20 20 14 21 3 11 5 2 24 18 7 1 ]
>> Objective values: [ 0.9231 -2.1923 -2.0667 -1.1923 -11.025 ] | Rank: 1 | Crowding Distance: 1.134

# [ 18 24 25 4 23 11 10 12 22 15 17 2 17 3 5 7 5 9 1 13 15 26 12 16 19 20 ]
>> Objective values: [ 0.931 -2.0345 -2.1333 -1.1034 -11.025 ] | Rank: 2 | Crowding Distance: 1.3075

# [ 2 14 22 22 12 3 5 15 14 19 14 20 24 25 16 8 26 3 14 18 20 19 6 13 23 7 ]
>> Objective values: [ 0.8942 -2.2692 -2.0667 -1.1923 -11.025 ] | Rank: 2 | Crowding Distance: 0.6765

# [ 4 12 21 11 18 20 16 12 22 15 17 2 17 3 5 7 5 9 20 13 19 21 26 16 19 15 ]
>> Objective values: [ 0.86 -2.32 -2.0 -1.2 -11.025 ] | Rank: 2 | Crowding Distance: 1.7976931348623157E308

# [ 9 1 15 19 18 20 16 5 20 2 17 2 1 26 18 7 16 24 22 25 4 12 4 1 23 3 ]
>> Objective values: [ 0.8782 -2.2692 -2.1333 -1.2308 -11.025 ] | Rank: 2 | Crowding Distance: 1.7976931348623157E308

# [ 8 18 19 6 17 17 10 22 9 21 23 16 26 26 15 7 13 24 23 2 3 20 15 3 14 25 ]
>> Objective values: [ 0.9107 -2.1071 -2.1333 -1.1429 -11.025 ] | Rank: 3 | Crowding Distance: 1.0562


[ END ]

++++++++++++++++ GENERATION: 2 ++++++++++++++++

[ START ]

Parent Population: 10
Child Population: 10

======== PARENT ========

# [ 26 12 21 11 5 9 18 1 21 18 5 2 12 20 22 9 2 26 17 3 7 26 12 16 19 15 ]
>> Objective values: [ 0.8889 -2.3333 -1.9333 -1.2083 -9.525 ] | Rank: 1 | Crowding Distance: 1.7976931348623157E308

# [ 19 26 9 21 5 9 18 1 5 18 5 2 20 3 22 9 2 12 17 3 7 22 25 15 16 23 ]
>> Objective values: [ 0.8867 -2.32 -2.0667 -1.24 -10.275 ] | Rank: 1 | Crowding Distance: 1.7976931348623157E308

# [ 2 21 15 4 12 17 10 22 9 19 14 20 13 2 24 16 13 19 25 2 8 26 3 18 23 19 ]
>> Objective values: [ 0.9583 -2.0357 -2.0667 -1.1071 -10.525 ] | Rank: 1 | Crowding Distance: 3.5183

# [ 26 12 21 11 18 20 16 12 22 15 17 2 17 3 5 7 5 9 1 13 15 26 12 16 19 15 ]
>> Objective values: [ 0.88 -2.32 -2.0 -1.2 -10.525 ] | Rank: 1 | Crowding Distance: 1.7976931348623157E308

# [ 26 14 21 9 19 11 10 5 20 2 17 2 1 26 18 7 3 4 29 25 6 13 24 7 22 8 ]
>> Objective values: [ 0.9667 -1.9333 -2.1333 -1.0667 -11.025 ] | Rank: 1 | Crowding Distance: 1.7976931348623157E308

# [ 4 12 21 11 5 9 18 1 5 18 5 2 20 20 22 9 2 26 6 13 15 21 26 16 19 15 ]
>> Objective values: [ 0.8681 -2.375 -2.0667 -1.2917 -9.775 ] | Rank: 2 | Crowding Distance: 1.7976931348623157E308

# [ 8 14 21 9 19 11 10 5 20 2 17 2 1 26 18 7 16 24 22 25 4 12 4 1 23 1 ]
>> Objective values: [ 0.9425 -2.0345 -2.1333 -1.1034 -11.025 ] | Rank: 2 | Crowding Distance: 1.7976931348623157E308

# [ 26 3 17 4 17 17 10 19 29 25 6 13 1 24 20 20 16 24 14 24 18 2 9 7 22 8 ]
>> Objective values: [ 0.9643 -2.0357 -2.1333 -1.1429 -11.025 ] | Rank: 2 | Crowding Distance: 1.7976931348623157E308

# [ 7 16 2 21 9 26 21 22 9 19 14 20 24 25 16 8 26 3 14 18 20 19 6 13 17 1 ]
>> Objective values: [ 0.8654 -2.2692 -2.1333 -1.2308 -11.025 ] | Rank: 2 | Crowding Distance: 1.7976931348623157E308

# [ 16 14 22 22 12 21 5 22 9 19 14 20 13 2 24 16 13 19 25 2 23 26 7 3 11 21 ]
>> Objective values: [ 0.8733 -2.32 -2.0 -1.2 -10.525 ] | Rank: 2 | Crowding Distance: 1.8004


======== CHILD ========

# [ 15 26 9 21 5 9 18 1 21 18 5 2 12 20 22 9 2 26 17 3 7 26 12 16 19 7 ]
>> Objective values: [ 0.8696 -2.4348 -1.7333 -1.1304 -8.9 ] | Rank: 1 | Crowding Distance: 1.7976931348623157E308

# [ 26 14 21 9 5 9 18 1 5 18 5 2 20 3 22 9 19 11 10 17 6 13 24 7 22 8 ]
>> Objective values: [ 0.9444 -2.1111 -2.0667 -1.1481 -10.275 ] | Rank: 1 | Crowding Distance: 1.6616

# [ 26 12 21 11 5 9 18 1 5 18 5 2 20 3 22 9 2 12 17 3 7 22 25 15 16 19 ]
>> Objective values: [ 0.8733 -2.32 -2.0 -1.2 -10.275 ] | Rank: 1 | Crowding Distance: 0.4123

# [ 1 12 21 11 18 20 16 12 22 15 17 20 28 2 24 16 13 19 25 1 8 26 3 5 7 9 ]
>> Objective values: [ 0.9483 -2.0 -2.0 -1.0345 -11.025 ] | Rank: 1 | Crowding Distance: 1.7976931348623157E308

# [ 19 26 9 21 5 9 18 1 5 18 17 2 17 3 5 7 5 9 20 12 7 22 25 15 16 23 ]
>> Objective values: [ 0.9033 -2.32 -2.0667 -1.24 -10.275 ] | Rank: 2 | Crowding Distance: 0.5914

# [ 26 12 21 4 18 20 16 12 22 15 5 2 20 3 22 9 2 12 17 7 15 26 12 16 19 15 ]
>> Objective values: [ 0.8514 -2.4783 -1.9333 -1.2609 -10.525 ] | Rank: 2 | Crowding Distance: 1.7976931348623157E308

# [ 25 8 15 4 12 17 10 22 9 19 14 2 17 3 5 7 5 9 1 13 15 26 12 20 24 16 ]
>> Objective values: [ 0.9107 -2.1071 -2.1333 -1.1429 -11.025 ] | Rank: 2 | Crowding Distance: 0.895

# [ 7 16 2 21 18 20 16 12 22 15 17 2 17 3 9 24 25 3 14 18 20 19 6 13 17 1 ]
>> Objective values: [ 0.8974 -2.2308 -2.0667 -1.1923 -11.025 ] | Rank: 2 | Crowding Distance: 0.8009

# [ 26 12 21 11 9 26 21 22 9 19 14 20 24 25 18 17 2 3 22 13 15 26 12 16 19 15 ]
>> Objective values: [ 0.8667 -2.32 -2.1333 -1.28 -10.4 ] | Rank: 3 | Crowding Distance: 1.7976931348623157E308

# [ 19 26 9 21 19 11 10 5 20 2 17 2 1 26 18 7 2 12 17 3 7 22 25 15 16 22 ]
>> Objective values: [ 0.8782 -2.2692 -2.1333 -1.2308 -11.025 ] | Rank: 3 | Crowding Distance: 1.7976931348623157E308


[ END ]

++++++++++++++++ GENERATION: 3 ++++++++++++++++

[ START ]

Parent Population: 10
Child Population: 10

======== PARENT ========

# [ 15 26 9 21 5 9 18 1 21 18 5 2 12 20 22 9 2 26 17 3 7 26 12 16 19 7 ]
>> Objective values: [ 0.8696 -2.4348 -1.7333 -1.1304 -8.9 ] | Rank: 1 | Crowding Distance: 1.7976931348623157E308

# [ 26 12 21 11 5 9 18 1 21 18 5 2 12 20 22 9 2 26 17 3 7 26 12 16 19 15 ]
>> Objective values: [ 0.8889 -2.3333 -1.9333 -1.2083 -9.525 ] | Rank: 1 | Crowding Distance: 1.7976931348623157E308

# [ 26 14 21 9 5 9 18 1 5 18 5 2 20 3 22 9 19 11 10 17 6 13 24 7 22 8 ]
>> Objective values: [ 0.9444 -2.1111 -2.0667 -1.1481 -10.275 ] | Rank: 1 | Crowding Distance: 2.3663

# [ 26 12 21 11 5 9 18 1 5 18 5 2 20 3 22 9 2 12 17 3 7 22 25 15 16 19 ]
>> Objective values: [ 0.8733 -2.32 -2.0 -1.2 -10.275 ] | Rank: 1 | Crowding Distance: 0.6434

# [ 2 21 15 4 12 17 10 22 9 19 14 20 13 2 24 16 13 19 25 2 8 26 3 18 23 19 ]
>> Objective values: [ 0.9583 -2.0357 -2.0667 -1.1071 -10.525 ] | Rank: 1 | Crowding Distance: 4.1187

# [ 26 12 21 11 18 20 16 12 22 15 17 2 17 3 5 7 5 9 1 13 15 26 12 16 19 15 ]
>> Objective values: [ 0.88 -2.32 -2.0 -1.2 -10.525 ] | Rank: 1 | Crowding Distance: 1.7976931348623157E308

# [ 1 12 21 11 18 20 16 12 22 15 17 20 28 2 24 16 13 19 25 1 8 26 3 5 7 9 ]
>> Objective values: [ 0.9483 -2.0 -2.0 -1.0345 -11.025 ] | Rank: 1 | Crowding Distance: 1.7976931348623157E308

# [ 26 14 21 9 19 11 10 5 20 2 17 2 1 26 18 7 3 4 29 25 6 13 24 7 22 8 ]
>> Objective values: [ 0.9667 -1.9333 -2.1333 -1.0667 -11.025 ] | Rank: 1 | Crowding Distance: 1.7976931348623157E308

# [ 4 12 21 11 5 9 18 1 5 18 5 2 20 20 22 9 2 26 6 13 15 21 26 16 19 15 ]
>> Objective values: [ 0.8681 -2.375 -2.0667 -1.2917 -9.775 ] | Rank: 2 | Crowding Distance: 1.7976931348623157E308

# [ 26 12 21 4 18 20 16 12 22 15 5 2 20 3 22 9 2 12 17 7 15 26 12 16 19 15 ]
>> Objective values: [ 0.8514 -2.4783 -1.9333 -1.2609 -10.525 ] | Rank: 2 | Crowding Distance: 1.7976931348623157E308


======== CHILD ========

# [ 26 12 21 11 5 9 18 1 21 18 5 2 12 20 22 17 3 9 1 13 15 26 12 16 19 15 ]
>> Objective values: [ 0.8472 -2.4167 -2.0667 -1.2917 -9.775 ] | Rank: 1 | Crowding Distance: 1.7976931348623157E308

# [ 25 12 21 21 5 9 18 1 21 18 5 2 12 20 22 9 2 26 17 11 16 15 28 24 13 19 ]
>> Objective values: [ 0.9103 -2.1923 -1.9333 -1.1154 -10.15 ] | Rank: 1 | Crowding Distance: 1.227

# [ 26 12 21 11 5 9 18 1 21 18 5 20 28 2 24 16 13 19 25 1 8 22 17 3 7 27 ]
>> Objective values: [ 0.9483 -2.0 -2.0667 -1.069 -10.275 ] | Rank: 1 | Crowding Distance: 1.7976931348623157E308

# [ 26 12 21 11 18 20 16 12 27 15 17 2 17 3 5 1 2 26 17 3 7 26 30 16 19 15 ]
>> Objective values: [ 0.8889 -2.3333 -1.8667 -1.1667 -10.275 ] | Rank: 1 | Crowding Distance: 1.7976931348623157E308

# [ 15 15 12 11 19 11 10 5 20 2 17 2 1 21 18 7 3 4 29 25 6 13 24 7 16 22 ]
>> Objective values: [ 0.9483 -2.0 -2.0 -1.0345 -10.775 ] | Rank: 1 | Crowding Distance: 1.7976931348623157E308

# [ 26 12 21 11 18 20 16 12 22 15 17 20 28 2 3 7 5 9 1 13 15 26 13 16 19 15 ]
>> Objective values: [ 0.8974 -2.2308 -2.0 -1.1538 -10.525 ] | Rank: 2 | Crowding Distance: 1.2028

# [ 1 12 21 11 18 20 16 12 22 15 17 2 17 3 28 16 13 19 25 1 8 26 3 5 7 9 ]
>> Objective values: [ 0.9286 -2.0714 -2.0 -1.0714 -11.025 ] | Rank: 2 | Crowding Distance: 0.9639

# [ 8 12 21 11 18 20 16 12 22 15 17 2 12 20 22 9 2 26 17 3 7 28 24 13 19 25 ]
>> Objective values: [ 0.9136 -2.1481 -2.0 -1.1111 -11.025 ] | Rank: 3 | Crowding Distance: 0.5356

# [ 10 4 29 25 6 24 16 12 22 15 17 2 17 3 5 7 5 9 27 13 15 26 12 16 19 11 ]
>> Objective values: [ 0.9107 -2.1071 -2.1333 -1.1429 -11.025 ] | Rank: 3 | Crowding Distance: 0.6158

# [ 15 26 9 11 18 20 16 12 22 15 17 20 28 2 24 16 13 19 25 21 5 1 12 16 18 7 ]
>> Objective values: [ 0.9012 -2.1852 -2.1333 -1.1852 -11.025 ] | Rank: 4 | Crowding Distance: 1.7976931348623157E308


[ END ]

++++++++++++++++ GENERATION: 4 ++++++++++++++++

[ START ]

Parent Population: 10
Child Population: 10

======== PARENT ========

# [ 15 26 9 21 5 9 18 1 21 18 5 2 12 20 22 9 2 26 17 3 7 26 12 16 19 7 ]
>> Objective values: [ 0.8696 -2.4348 -1.7333 -1.1304 -8.9 ] | Rank: 1 | Crowding Distance: 1.7976931348623157E308

# [ 26 12 21 11 5 9 18 1 21 18 5 2 12 20 22 9 2 26 17 3 7 26 12 16 19 15 ]
>> Objective values: [ 0.8889 -2.3333 -1.9333 -1.2083 -9.525 ] | Rank: 1 | Crowding Distance: 1.7976931348623157E308

# [ 25 12 21 21 5 9 18 1 21 18 5 2 12 20 22 9 2 26 17 11 16 15 28 24 13 19 ]
>> Objective values: [ 0.9103 -2.1923 -1.9333 -1.1154 -10.15 ] | Rank: 1 | Crowding Distance: 1.867

# [ 26 12 21 11 5 9 18 1 21 18 5 20 28 2 24 16 13 19 25 1 8 22 17 3 7 27 ]
>> Objective values: [ 0.9483 -2.0 -2.0667 -1.069 -10.275 ] | Rank: 1 | Crowding Distance: 1.7976931348623157E308

# [ 26 12 21 11 18 20 16 12 27 15 17 2 17 3 5 1 2 26 17 3 7 26 30 16 19 15 ]
>> Objective values: [ 0.8889 -2.3333 -1.8667 -1.1667 -10.275 ] | Rank: 1 | Crowding Distance: 1.7976931348623157E308

# [ 2 21 15 4 12 17 10 22 9 19 14 20 13 2 24 16 13 19 25 2 8 26 3 18 23 19 ]
>> Objective values: [ 0.9583 -2.0357 -2.0667 -1.1071 -10.525 ] | Rank: 1 | Crowding Distance: 4.6757

# [ 15 15 12 11 19 11 10 5 20 2 17 2 1 21 18 7 3 4 29 25 6 13 24 7 16 22 ]
>> Objective values: [ 0.9483 -2.0 -2.0 -1.0345 -10.775 ] | Rank: 1 | Crowding Distance: 1.7976931348623157E308

# [ 26 14 21 9 19 11 10 5 20 2 17 2 1 26 18 7 3 4 29 25 6 13 24 7 22 8 ]
>> Objective values: [ 0.9667 -1.9333 -2.1333 -1.0667 -11.025 ] | Rank: 1 | Crowding Distance: 1.7976931348623157E308

# [ 4 12 21 11 5 9 18 1 5 18 5 2 20 20 22 9 2 26 6 13 15 21 26 16 19 15 ]
>> Objective values: [ 0.8681 -2.375 -2.0667 -1.2917 -9.775 ] | Rank: 2 | Crowding Distance: 1.7976931348623157E308

# [ 26 12 21 4 18 20 16 12 22 15 5 2 20 3 22 9 2 12 17 7 15 26 12 16 19 15 ]
>> Objective values: [ 0.8514 -2.4783 -1.9333 -1.2609 -10.525 ] | Rank: 2 | Crowding Distance: 1.7976931348623157E308


======== CHILD ========

# [ 15 26 9 21 5 9 18 1 21 18 5 20 28 2 24 16 22 26 7 3 7 26 12 16 19 7 ]
>> Objective values: [ 0.8958 -2.3333 -1.7333 -1.0833 -8.9 ] | Rank: 1 | Crowding Distance: 1.7976931348623157E308

# [ 25 6 13 11 19 11 10 5 20 2 17 2 17 3 5 1 2 26 17 3 7 26 21 18 4 29 ]
>> Objective values: [ 0.9067 -2.28 -2.0 -1.2 -10.275 ] | Rank: 1 | Crowding Distance: 1.6144

# [ 26 14 21 4 12 17 10 22 9 19 14 20 13 2 24 16 13 19 21 5 1 18 26 7 22 8 ]
>> Objective values: [ 0.9074 -2.1481 -2.0667 -1.1481 -10.525 ] | Rank: 1 | Crowding Distance: 1.2506

# [ 2 21 15 9 19 11 10 5 20 2 17 2 1 26 18 7 14 4 12 22 14 13 24 16 23 19 ]
>> Objective values: [ 0.9713 -1.9655 -2.1333 -1.1034 -10.9 ] | Rank: 1 | Crowding Distance: 1.7976931348623157E308

# [ 26 12 21 11 18 20 16 12 27 15 17 2 17 3 5 14 2 14 9 19 10 13 24 7 22 8 ]
>> Objective values: [ 0.9483 -2.0 -2.0 -1.0345 -11.025 ] | Rank: 1 | Crowding Distance: 1.7976931348623157E308

# [ 16 15 12 11 19 11 10 5 20 2 17 2 1 26 18 7 3 4 29 25 6 13 24 7 22 21 ]
>> Objective values: [ 0.9667 -1.9333 -2.1333 -1.0667 -11.025 ] | Rank: 1 | Crowding Distance: 1.7976931348623157E308

# [ 26 12 21 11 5 9 18 1 21 18 5 2 12 20 22 9 28 24 16 1 8 22 17 26 7 27 ]
>> Objective values: [ 0.86 -2.32 -2.0667 -1.24 -10.275 ] | Rank: 2 | Crowding Distance: 1.7976931348623157E308

# [ 26 14 21 9 19 11 10 5 20 2 17 2 1 21 18 25 3 4 29 25 6 13 24 7 16 22 ]
>> Objective values: [ 0.95 -1.9667 -2.1333 -1.0667 -11.025 ] | Rank: 2 | Crowding Distance: 0.2744

# [ 23 12 21 11 18 20 16 12 27 15 17 2 1 21 18 7 3 4 29 25 6 13 5 16 19 15 ]
>> Objective values: [ 0.9286 -2.0714 -2.0 -1.0714 -11.025 ] | Rank: 2 | Crowding Distance: 0.7628

# [ 26 14 21 9 19 11 10 22 20 1 17 2 1 26 18 7 3 12 27 3 7 26 30 16 19 15 ]
>> Objective values: [ 0.9136 -2.1481 -2.1333 -1.1852 -11.025 ] | Rank: 2 | Crowding Distance: 1.7976931348623157E308


[ END ]

++++++++++++++++ GENERATION: 5 ++++++++++++++++

[ START ]

Parent Population: 10
Child Population: 10

======== PARENT ========

# [ 15 26 9 21 5 9 18 1 21 18 5 20 28 2 24 16 22 26 7 3 7 26 12 16 19 7 ]
>> Objective values: [ 0.8958 -2.3333 -1.7333 -1.0833 -8.9 ] | Rank: 1 | Crowding Distance: 1.7976931348623157E308

# [ 25 12 21 21 5 9 18 1 21 18 5 2 12 20 22 9 2 26 17 11 16 15 28 24 13 19 ]
>> Objective values: [ 0.9103 -2.1923 -1.9333 -1.1154 -10.15 ] | Rank: 1 | Crowding Distance: 2.6531

# [ 26 12 21 11 5 9 18 1 21 18 5 20 28 2 24 16 13 19 25 1 8 22 17 3 7 27 ]
>> Objective values: [ 0.9483 -2.0 -2.0667 -1.069 -10.275 ] | Rank: 1 | Crowding Distance: 1.7976931348623157E308

# [ 2 21 15 4 12 17 10 22 9 19 14 20 13 2 24 16 13 19 25 2 8 26 3 18 23 19 ]
>> Objective values: [ 0.9583 -2.0357 -2.0667 -1.1071 -10.525 ] | Rank: 1 | Crowding Distance: 5.1103

# [ 15 15 12 11 19 11 10 5 20 2 17 2 1 21 18 7 3 4 29 25 6 13 24 7 16 22 ]
>> Objective values: [ 0.9483 -2.0 -2.0 -1.0345 -10.775 ] | Rank: 1 | Crowding Distance: 1.7976931348623157E308

# [ 2 21 15 9 19 11 10 5 20 2 17 2 1 26 18 7 14 4 12 22 14 13 24 16 23 19 ]
>> Objective values: [ 0.9713 -1.9655 -2.1333 -1.1034 -10.9 ] | Rank: 1 | Crowding Distance: 1.7976931348623157E308

# [ 26 14 21 9 19 11 10 5 20 2 17 2 1 26 18 7 3 4 29 25 6 13 24 7 22 8 ]
>> Objective values: [ 0.9667 -1.9333 -2.1333 -1.0667 -11.025 ] | Rank: 1 | Crowding Distance: 1.7976931348623157E308

# [ 16 15 12 11 19 11 10 5 20 2 17 2 1 26 18 7 3 4 29 25 6 13 24 7 22 21 ]
>> Objective values: [ 0.9667 -1.9333 -2.1333 -1.0667 -11.025 ] | Rank: 1 | Crowding Distance: 1.7976931348623157E308

# [ 15 26 9 21 5 9 18 1 21 18 5 2 12 20 22 9 2 26 17 3 7 26 12 16 19 7 ]
>> Objective values: [ 0.8696 -2.4348 -1.7333 -1.1304 -8.9 ] | Rank: 2 | Crowding Distance: 1.7976931348623157E308

# [ 26 12 21 11 5 9 18 1 21 18 5 2 12 20 22 9 2 26 17 3 7 26 12 16 19 15 ]
>> Objective values: [ 0.8889 -2.3333 -1.9333 -1.2083 -9.525 ] | Rank: 2 | Crowding Distance: 1.7976931348623157E308


======== CHILD ========

# [ 15 26 9 21 5 9 18 1 21 18 5 2 1 26 18 7 20 22 17 3 7 26 12 16 19 7 ]
>> Objective values: [ 0.8623 -2.4783 -1.9333 -1.2609 -9.65 ] | Rank: 1 | Crowding Distance: 1.7976931348623157E308

# [ 15 15 12 11 19 11 18 1 21 18 5 2 13 20 22 9 2 26 10 17 3 4 24 7 16 22 ]
>> Objective values: [ 0.9464 -2.0357 -1.9333 -1.0357 -10.025 ] | Rank: 1 | Crowding Distance: 1.7976931348623157E308

# [ 26 21 15 9 19 11 10 5 20 2 17 2 1 26 18 7 14 4 12 22 28 24 16 13 25 27 ]
>> Objective values: [ 0.9839 -1.871 -2.1333 -1.0323 -11.025 ] | Rank: 1 | Crowding Distance: 1.7976931348623157E308

# [ 4 22 21 26 5 9 18 1 21 18 5 20 28 2 24 16 13 19 25 1 15 10 17 26 7 14 ]
>> Objective values: [ 0.9286 -2.0714 -2.0667 -1.1071 -10.275 ] | Rank: 2 | Crowding Distance: 2.3487

# [ 15 15 12 11 19 11 10 22 2 19 14 20 13 2 24 16 5 17 1 21 18 13 24 7 16 22 ]
>> Objective values: [ 0.86 -2.32 -2.0 -1.2 -10.775 ] | Rank: 2 | Crowding Distance: 1.7976931348623157E308

# [ 2 21 15 4 12 17 10 5 20 2 17 2 1 21 18 7 22 9 14 13 24 16 3 18 23 19 ]
>> Objective values: [ 0.9345 -2.0714 -2.1333 -1.1429 -10.9 ] | Rank: 2 | Crowding Distance: 0.3709

# [ 2 21 15 9 19 11 10 5 20 2 17 2 10 26 18 7 3 4 29 12 14 13 24 16 13 19 ]
>> Objective values: [ 0.9345 -2.0714 -2.1333 -1.1429 -10.9 ] | Rank: 2 | Crowding Distance: 1.7976931348623157E308

# [ 16 15 12 11 27 11 10 5 20 2 17 2 1 26 18 7 14 4 12 3 29 13 24 7 22 21 ]
>> Objective values: [ 0.9483 -2.0 -2.1333 -1.1034 -11.025 ] | Rank: 2 | Crowding Distance: 0.8681

# [ 25 12 21 21 5 9 10 5 20 2 17 2 1 21 18 7 3 4 22 26 16 15 28 24 13 19 ]
>> Objective values: [ 0.9425 -2.0345 -2.1333 -1.1034 -11.025 ] | Rank: 3 | Crowding Distance: 0.1528

# [ 26 14 21 9 19 11 10 5 20 2 17 2 12 20 22 9 1 18 29 25 6 13 24 7 22 8 ]
>> Objective values: [ 0.931 -2.0345 -2.1333 -1.1034 -11.025 ] | Rank: 4 | Crowding Distance: 1.7976931348623157E308


[ END ]

++++++++++++++++ GENERATION: 6 ++++++++++++++++

[ START ]

Parent Population: 10
Child Population: 10

======== PARENT ========

# [ 15 26 9 21 5 9 18 1 21 18 5 20 28 2 24 16 22 26 7 3 7 26 12 16 19 7 ]
>> Objective values: [ 0.8958 -2.3333 -1.7333 -1.0833 -8.9 ] | Rank: 1 | Crowding Distance: 1.7976931348623157E308

# [ 15 15 12 11 19 11 18 1 21 18 5 2 13 20 22 9 2 26 10 17 3 4 24 7 16 22 ]
>> Objective values: [ 0.9464 -2.0357 -1.9333 -1.0357 -10.025 ] | Rank: 1 | Crowding Distance: 1.7976931348623157E308

# [ 26 12 21 11 5 9 18 1 21 18 5 20 28 2 24 16 13 19 25 1 8 22 17 3 7 27 ]
>> Objective values: [ 0.9483 -2.0 -2.0667 -1.069 -10.275 ] | Rank: 1 | Crowding Distance: 1.7976931348623157E308

# [ 2 21 15 4 12 17 10 22 9 19 14 20 13 2 24 16 13 19 25 2 8 26 3 18 23 19 ]
>> Objective values: [ 0.9583 -2.0357 -2.0667 -1.1071 -10.525 ] | Rank: 1 | Crowding Distance: 5.5123

# [ 15 15 12 11 19 11 10 5 20 2 17 2 1 21 18 7 3 4 29 25 6 13 24 7 16 22 ]
>> Objective values: [ 0.9483 -2.0 -2.0 -1.0345 -10.775 ] | Rank: 1 | Crowding Distance: 1.7976931348623157E308

# [ 2 21 15 9 19 11 10 5 20 2 17 2 1 26 18 7 14 4 12 22 14 13 24 16 23 19 ]
>> Objective values: [ 0.9713 -1.9655 -2.1333 -1.1034 -10.9 ] | Rank: 1 | Crowding Distance: 1.7976931348623157E308

# [ 26 21 15 9 19 11 10 5 20 2 17 2 1 26 18 7 14 4 12 22 28 24 16 13 25 27 ]
>> Objective values: [ 0.9839 -1.871 -2.1333 -1.0323 -11.025 ] | Rank: 1 | Crowding Distance: 1.7976931348623157E308

# [ 15 26 9 21 5 9 18 1 21 18 5 2 12 20 22 9 2 26 17 3 7 26 12 16 19 7 ]
>> Objective values: [ 0.8696 -2.4348 -1.7333 -1.1304 -8.9 ] | Rank: 2 | Crowding Distance: 1.7976931348623157E308

# [ 26 12 21 11 5 9 18 1 21 18 5 2 12 20 22 9 2 26 17 3 7 26 12 16 19 15 ]
>> Objective values: [ 0.8889 -2.3333 -1.9333 -1.2083 -9.525 ] | Rank: 2 | Crowding Distance: 1.7976931348623157E308

# [ 2 21 15 9 19 11 10 5 20 2 17 2 10 26 18 7 3 4 29 12 14 13 24 16 13 19 ]
>> Objective values: [ 0.9345 -2.0714 -2.1333 -1.1429 -10.9 ] | Rank: 2 | Crowding Distance: 1.7976931348623157E308


======== CHILD ========

# [ 15 26 9 11 19 11 18 1 21 18 5 2 13 20 22 9 2 26 10 28 24 26 12 16 19 7 ]
>> Objective values: [ 0.9295 -2.1538 -1.8667 -1.0769 -9.525 ] | Rank: 1 | Crowding Distance: 1.7976931348623157E308

# [ 19 19 9 21 5 9 18 1 21 18 5 20 1 26 18 7 14 4 12 22 28 24 16 13 25 2 ]
>> Objective values: [ 0.9103 -2.1923 -1.8 -1.0385 -9.9 ] | Rank: 1 | Crowding Distance: 1.7976931348623157E308

# [ 2 21 15 4 12 11 18 1 21 18 5 2 13 20 22 17 10 9 14 24 8 26 3 18 23 19 ]
>> Objective values: [ 0.9713 -1.9655 -2.0 -1.0345 -10.15 ] | Rank: 1 | Crowding Distance: 1.7976931348623157E308

# [ 14 4 12 11 5 9 18 1 21 18 5 20 28 2 24 16 13 19 25 1 8 22 17 10 26 7 ]
>> Objective values: [ 0.9667 -1.9333 -2.0667 -1.0333 -10.275 ] | Rank: 1 | Crowding Distance: 1.7976931348623157E308

# [ 15 15 12 21 5 9 18 1 21 18 5 20 28 2 24 16 22 26 7 11 19 13 10 7 16 22 ]
>> Objective values: [ 0.9038 -2.1923 -1.8 -1.0385 -9.9 ] | Rank: 2 | Crowding Distance: 1.7976931348623157E308

# [ 2 21 15 9 19 11 18 1 21 18 5 2 13 20 22 9 2 26 10 17 3 4 7 29 6 14 ]
>> Objective values: [ 0.9643 -2.0 -2.0 -1.0714 -10.15 ] | Rank: 2 | Crowding Distance: 0.9881

# [ 15 15 12 11 19 17 10 22 9 19 14 20 13 2 24 18 1 21 5 17 3 4 24 7 16 22 ]
>> Objective values: [ 0.9107 -2.1071 -2.0 -1.0714 -10.775 ] | Rank: 2 | Crowding Distance: 1.0821

# [ 8 12 21 9 19 11 10 5 20 2 17 2 1 26 18 7 14 4 12 22 14 13 24 28 16 25 ]
>> Objective values: [ 0.9667 -1.9333 -2.1333 -1.0667 -11.025 ] | Rank: 2 | Crowding Distance: 1.7976931348623157E308

# [ 18 14 4 13 25 11 10 5 20 2 17 2 28 2 24 16 22 26 7 3 7 26 12 16 19 1 ]
>> Objective values: [ 0.9405 -2.0714 -2.0 -1.0714 -10.275 ] | Rank: 3 | Crowding Distance: 1.1246

# [ 15 15 12 11 19 11 10 5 20 2 17 2 10 26 18 7 3 4 29 12 14 13 1 21 9 22 ]
>> Objective values: [ 0.9286 -2.0714 -2.0 -1.0714 -10.775 ] | Rank: 4 | Crowding Distance: 0.7496


[ END ]

++++++++++++++++ GENERATION: 7 ++++++++++++++++

[ START ]

Parent Population: 10
Child Population: 10

======== PARENT ========

# [ 15 26 9 21 5 9 18 1 21 18 5 20 28 2 24 16 22 26 7 3 7 26 12 16 19 7 ]
>> Objective values: [ 0.8958 -2.3333 -1.7333 -1.0833 -8.9 ] | Rank: 1 | Crowding Distance: 1.7976931348623157E308

# [ 15 26 9 11 19 11 18 1 21 18 5 2 13 20 22 9 2 26 10 28 24 26 12 16 19 7 ]
>> Objective values: [ 0.9295 -2.1538 -1.8667 -1.0769 -9.525 ] | Rank: 1 | Crowding Distance: 1.7976931348623157E308

# [ 19 19 9 21 5 9 18 1 21 18 5 20 1 26 18 7 14 4 12 22 28 24 16 13 25 2 ]
>> Objective values: [ 0.9103 -2.1923 -1.8 -1.0385 -9.9 ] | Rank: 1 | Crowding Distance: 1.7976931348623157E308

# [ 15 15 12 11 19 11 18 1 21 18 5 2 13 20 22 9 2 26 10 17 3 4 24 7 16 22 ]
>> Objective values: [ 0.9464 -2.0357 -1.9333 -1.0357 -10.025 ] | Rank: 1 | Crowding Distance: 1.7976931348623157E308

# [ 2 21 15 4 12 11 18 1 21 18 5 2 13 20 22 17 10 9 14 24 8 26 3 18 23 19 ]
>> Objective values: [ 0.9713 -1.9655 -2.0 -1.0345 -10.15 ] | Rank: 1 | Crowding Distance: 1.7976931348623157E308

# [ 14 4 12 11 5 9 18 1 21 18 5 20 28 2 24 16 13 19 25 1 8 22 17 10 26 7 ]
>> Objective values: [ 0.9667 -1.9333 -2.0667 -1.0333 -10.275 ] | Rank: 1 | Crowding Distance: 1.7976931348623157E308

# [ 26 21 15 9 19 11 10 5 20 2 17 2 1 26 18 7 14 4 12 22 28 24 16 13 25 27 ]
>> Objective values: [ 0.9839 -1.871 -2.1333 -1.0323 -11.025 ] | Rank: 1 | Crowding Distance: 1.7976931348623157E308

# [ 15 26 9 21 5 9 18 1 21 18 5 2 12 20 22 9 2 26 17 3 7 26 12 16 19 7 ]
>> Objective values: [ 0.8696 -2.4348 -1.7333 -1.1304 -8.9 ] | Rank: 2 | Crowding Distance: 1.7976931348623157E308

# [ 26 12 21 11 5 9 18 1 21 18 5 2 12 20 22 9 2 26 17 3 7 26 12 16 19 15 ]
>> Objective values: [ 0.8889 -2.3333 -1.9333 -1.2083 -9.525 ] | Rank: 2 | Crowding Distance: 1.7976931348623157E308

# [ 15 15 12 21 5 9 18 1 21 18 5 20 28 2 24 16 22 26 7 11 19 13 10 7 16 22 ]
>> Objective values: [ 0.9038 -2.1923 -1.8 -1.0385 -9.9 ] | Rank: 2 | Crowding Distance: 1.7976931348623157E308


======== CHILD ========

# [ 17 7 21 11 5 9 18 1 21 18 5 2 13 20 22 9 2 26 10 28 24 26 12 16 19 17 ]
>> Objective values: [ 0.9231 -2.1538 -1.9333 -1.1154 -9.525 ] | Rank: 1 | Crowding Distance: 1.7976931348623157E308

# [ 29 28 24 11 19 11 18 1 21 18 5 2 12 20 3 9 2 26 17 3 7 26 12 16 19 13 ]
>> Objective values: [ 0.9231 -2.1538 -1.9333 -1.1154 -9.525 ] | Rank: 1 | Crowding Distance: 0.6777

# [ 19 19 9 21 5 9 18 1 21 18 5 20 28 2 24 16 26 7 12 22 28 24 16 13 25 2 ]
>> Objective values: [ 0.8542 -2.375 -1.8 -1.125 -9.9 ] | Rank: 1 | Crowding Distance: 1.7976931348623157E308

# [ 17 21 15 9 19 11 18 1 21 18 5 20 1 26 18 7 14 4 12 22 28 24 16 13 10 2 ]
>> Objective values: [ 0.954 -2.0 -2.0 -1.0345 -10.275 ] | Rank: 1 | Crowding Distance: 1.1098

# [ 3 21 15 4 19 11 10 5 20 17 17 2 1 26 18 7 14 4 12 22 28 24 16 13 9 8 ]
>> Objective values: [ 0.9677 -1.9032 -2.1333 -1.0323 -11.025 ] | Rank: 1 | Crowding Distance: 1.7976931348623157E308

# [ 14 4 21 11 5 9 18 1 21 18 5 20 1 26 18 7 28 2 24 16 8 29 17 10 26 7 ]
>> Objective values: [ 0.891 -2.2308 -2.0667 -1.1923 -10.275 ] | Rank: 2 | Crowding Distance: 1.7976931348623157E308

# [ 19 19 9 21 5 6 7 5 20 2 17 2 1 26 18 7 14 4 12 22 28 24 16 13 25 2 ]
>> Objective values: [ 0.9226 -2.1071 -2.0 -1.0714 -10.775 ] | Rank: 2 | Crowding Distance: 1.6133

# [ 31 15 15 9 19 11 10 5 13 2 17 2 1 26 18 7 14 4 12 22 28 24 16 13 25 21 ]
>> Objective values: [ 0.9667 -1.9333 -2.1333 -1.0667 -11.025 ] | Rank: 2 | Crowding Distance: 0.4566

# [ 17 14 4 12 25 9 18 1 21 10 5 20 28 2 24 16 22 26 7 23 19 13 10 7 16 15 ]
>> Objective values: [ 0.95 -1.9667 -2.1333 -1.0667 -11.025 ] | Rank: 3 | Crowding Distance: 0.106

# [ 4 28 16 9 12 11 32 1 21 18 5 2 13 20 22 17 10 9 14 24 8 26 3 18 19 32 ]
>> Objective values: [ 0.95 -1.9667 -2.1333 -1.0667 -11.025 ] | Rank: 3 | Crowding Distance: 1.7976931348623157E308


[ END ]

++++++++++++++++ GENERATION: 8 ++++++++++++++++

[ START ]

Parent Population: 10
Child Population: 10

======== PARENT ========

# [ 15 26 9 21 5 9 18 1 21 18 5 20 28 2 24 16 22 26 7 3 7 26 12 16 19 7 ]
>> Objective values: [ 0.8958 -2.3333 -1.7333 -1.0833 -8.9 ] | Rank: 1 | Crowding Distance: 1.7976931348623157E308

# [ 15 26 9 11 19 11 18 1 21 18 5 2 13 20 22 9 2 26 10 28 24 26 12 16 19 7 ]
>> Objective values: [ 0.9295 -2.1538 -1.8667 -1.0769 -9.525 ] | Rank: 1 | Crowding Distance: 1.7976931348623157E308

# [ 19 19 9 21 5 9 18 1 21 18 5 20 1 26 18 7 14 4 12 22 28 24 16 13 25 2 ]
>> Objective values: [ 0.9103 -2.1923 -1.8 -1.0385 -9.9 ] | Rank: 1 | Crowding Distance: 1.7976931348623157E308

# [ 15 15 12 11 19 11 18 1 21 18 5 2 13 20 22 9 2 26 10 17 3 4 24 7 16 22 ]
>> Objective values: [ 0.9464 -2.0357 -1.9333 -1.0357 -10.025 ] | Rank: 1 | Crowding Distance: 1.7976931348623157E308

# [ 2 21 15 4 12 11 18 1 21 18 5 2 13 20 22 17 10 9 14 24 8 26 3 18 23 19 ]
>> Objective values: [ 0.9713 -1.9655 -2.0 -1.0345 -10.15 ] | Rank: 1 | Crowding Distance: 1.7976931348623157E308

# [ 14 4 12 11 5 9 18 1 21 18 5 20 28 2 24 16 13 19 25 1 8 22 17 10 26 7 ]
>> Objective values: [ 0.9667 -1.9333 -2.0667 -1.0333 -10.275 ] | Rank: 1 | Crowding Distance: 1.7976931348623157E308

# [ 26 21 15 9 19 11 10 5 20 2 17 2 1 26 18 7 14 4 12 22 28 24 16 13 25 27 ]
>> Objective values: [ 0.9839 -1.871 -2.1333 -1.0323 -11.025 ] | Rank: 1 | Crowding Distance: 1.7976931348623157E308

# [ 15 26 9 21 5 9 18 1 21 18 5 2 12 20 22 9 2 26 17 3 7 26 12 16 19 7 ]
>> Objective values: [ 0.8696 -2.4348 -1.7333 -1.1304 -8.9 ] | Rank: 2 | Crowding Distance: 1.7976931348623157E308

# [ 17 7 21 11 5 9 18 1 21 18 5 2 13 20 22 9 2 26 10 28 24 26 12 16 19 17 ]
>> Objective values: [ 0.9231 -2.1538 -1.9333 -1.1154 -9.525 ] | Rank: 2 | Crowding Distance: 1.7976931348623157E308

# [ 15 15 12 21 5 9 18 1 21 18 5 20 28 2 24 16 22 26 7 11 19 13 10 7 16 22 ]
>> Objective values: [ 0.9038 -2.1923 -1.8 -1.0385 -9.9 ] | Rank: 2 | Crowding Distance: 1.7976931348623157E308


======== CHILD ========

# [ 15 15 12 21 5 9 18 1 21 18 5 20 13 20 22 17 10 9 14 28 2 24 26 7 16 22 ]
>> Objective values: [ 0.9038 -2.1923 -1.8 -1.0385 -9.9 ] | Rank: 1 | Crowding Distance: 1.7976931348623157E308

# [ 15 15 12 4 12 11 18 1 21 18 5 2 13 20 22 17 10 9 19 24 8 19 26 3 16 22 ]
>> Objective values: [ 0.9286 -2.0714 -1.9333 -1.0357 -10.025 ] | Rank: 1 | Crowding Distance: 1.7976931348623157E308

# [ 2 21 15 11 19 11 18 1 21 18 5 2 13 20 22 9 2 26 10 17 3 4 12 14 24 8 ]
>> Objective values: [ 0.9821 -1.9643 -2.0 -1.0714 -10.15 ] | Rank: 1 | Crowding Distance: 1.7976931348623157E308

# [ 14 4 12 9 5 9 18 1 21 18 5 20 28 2 24 16 13 19 25 1 8 22 11 10 17 7 ]
>> Objective values: [ 0.9655 -1.9655 -2.0667 -1.069 -10.275 ] | Rank: 1 | Crowding Distance: 0.5119

# [ 25 8 12 11 19 11 10 5 20 2 17 2 1 26 18 7 14 4 12 22 28 24 9 21 16 13 ]
>> Objective values: [ 0.9667 -1.9333 -2.1333 -1.0667 -11.025 ] | Rank: 1 | Crowding Distance: 1.7976931348623157E308

# [ 2 21 15 4 12 11 18 1 21 18 17 2 28 2 24 16 22 26 7 13 20 17 10 9 14 3 ]
>> Objective values: [ 0.9643 -2.0 -2.0 -1.0714 -10.15 ] | Rank: 2 | Crowding Distance: 0.2596

# [ 25 8 12 11 5 9 18 1 21 18 5 20 13 20 22 9 2 26 10 17 3 4 28 24 16 19 ]
>> Objective values: [ 0.9483 -2.0 -2.0667 -1.069 -10.275 ] | Rank: 2 | Crowding Distance: 0.4

# [ 17 3 4 11 19 11 18 1 21 18 5 2 28 2 24 16 13 19 25 1 8 22 20 9 26 10 ]
>> Objective values: [ 0.9464 -2.0357 -2.0667 -1.1071 -10.275 ] | Rank: 2 | Crowding Distance: 1.7976931348623157E308

# [ 19 19 9 21 5 11 10 5 20 2 17 2 1 26 18 7 14 11 12 22 28 24 16 13 25 2 ]
>> Objective values: [ 0.9226 -2.1071 -2.0 -1.0714 -10.775 ] | Rank: 2 | Crowding Distance: 2.1503

# [ 26 21 15 9 19 9 18 1 21 18 5 20 1 26 11 10 2 17 12 22 28 6 16 13 25 27 ]
>> Objective values: [ 0.9643 -2.0 -2.0 -1.0714 -10.275 ] | Rank: 3 | Crowding Distance: 0.2043


[ END ]

++++++++++++++++ GENERATION: 9 ++++++++++++++++

[ START ]

Parent Population: 10
Child Population: 10

======== PARENT ========

# [ 15 26 9 21 5 9 18 1 21 18 5 20 28 2 24 16 22 26 7 3 7 26 12 16 19 7 ]
>> Objective values: [ 0.8958 -2.3333 -1.7333 -1.0833 -8.9 ] | Rank: 1 | Crowding Distance: 1.7976931348623157E308

# [ 15 26 9 11 19 11 18 1 21 18 5 2 13 20 22 9 2 26 10 28 24 26 12 16 19 7 ]
>> Objective values: [ 0.9295 -2.1538 -1.8667 -1.0769 -9.525 ] | Rank: 1 | Crowding Distance: 1.7976931348623157E308

# [ 19 19 9 21 5 9 18 1 21 18 5 20 1 26 18 7 14 4 12 22 28 24 16 13 25 2 ]
>> Objective values: [ 0.9103 -2.1923 -1.8 -1.0385 -9.9 ] | Rank: 1 | Crowding Distance: 1.7976931348623157E308

# [ 15 15 12 11 19 11 18 1 21 18 5 2 13 20 22 9 2 26 10 17 3 4 24 7 16 22 ]
>> Objective values: [ 0.9464 -2.0357 -1.9333 -1.0357 -10.025 ] | Rank: 1 | Crowding Distance: 1.7976931348623157E308

# [ 2 21 15 4 12 11 18 1 21 18 5 2 13 20 22 17 10 9 14 24 8 26 3 18 23 19 ]
>> Objective values: [ 0.9713 -1.9655 -2.0 -1.0345 -10.15 ] | Rank: 1 | Crowding Distance: 1.7976931348623157E308

# [ 2 21 15 11 19 11 18 1 21 18 5 2 13 20 22 9 2 26 10 17 3 4 12 14 24 8 ]
>> Objective values: [ 0.9821 -1.9643 -2.0 -1.0714 -10.15 ] | Rank: 1 | Crowding Distance: 1.7976931348623157E308

# [ 14 4 12 11 5 9 18 1 21 18 5 20 28 2 24 16 13 19 25 1 8 22 17 10 26 7 ]
>> Objective values: [ 0.9667 -1.9333 -2.0667 -1.0333 -10.275 ] | Rank: 1 | Crowding Distance: 1.7976931348623157E308

# [ 26 21 15 9 19 11 10 5 20 2 17 2 1 26 18 7 14 4 12 22 28 24 16 13 25 27 ]
>> Objective values: [ 0.9839 -1.871 -2.1333 -1.0323 -11.025 ] | Rank: 1 | Crowding Distance: 1.7976931348623157E308

# [ 15 26 9 21 5 9 18 1 21 18 5 2 12 20 22 9 2 26 17 3 7 26 12 16 19 7 ]
>> Objective values: [ 0.8696 -2.4348 -1.7333 -1.1304 -8.9 ] | Rank: 2 | Crowding Distance: 1.7976931348623157E308

# [ 17 7 21 11 5 9 18 1 21 18 5 2 13 20 22 9 2 26 10 28 24 26 12 16 19 17 ]
>> Objective values: [ 0.9231 -2.1538 -1.9333 -1.1154 -9.525 ] | Rank: 2 | Crowding Distance: 1.7976931348623157E308


======== CHILD ========

# [ 15 15 12 11 19 11 18 1 21 18 5 20 28 2 24 16 13 19 25 1 9 26 10 17 16 22 ]
>> Objective values: [ 0.9259 -2.1111 -1.9333 -1.0741 -10.025 ] | Rank: 1 | Crowding Distance: 1.7976931348623157E308

# [ 14 4 25 21 5 9 18 1 21 10 5 2 13 20 22 9 2 26 10 28 24 26 12 16 19 7 ]
>> Objective values: [ 0.9259 -2.1111 -1.8667 -1.037 -10.15 ] | Rank: 1 | Crowding Distance: 1.7976931348623157E308

# [ 2 21 15 11 12 11 18 1 21 18 5 2 13 20 22 17 10 9 14 24 8 26 3 18 19 4 ]
>> Objective values: [ 0.9702 -2.0 -2.0 -1.0714 -10.15 ] | Rank: 1 | Crowding Distance: 1.7976931348623157E308

# [ 14 4 12 11 5 9 18 1 21 18 5 2 13 20 22 9 2 26 10 17 28 24 16 19 25 7 ]
>> Objective values: [ 0.9483 -2.0 -2.0667 -1.069 -10.275 ] | Rank: 1 | Crowding Distance: 0.9569

# [ 2 21 15 4 19 11 18 1 21 18 5 2 13 20 6 9 2 26 10 17 3 4 12 14 24 8 ]
>> Objective values: [ 0.9643 -2.0 -2.0 -1.0714 -10.15 ] | Rank: 2 | Crowding Distance: 0.6449

# [ 10 19 21 11 5 9 18 1 21 18 5 20 1 26 24 7 14 4 12 22 28 24 16 13 25 2 ]
>> Objective values: [ 0.9286 -2.0714 -2.0667 -1.1071 -10.275 ] | Rank: 2 | Crowding Distance: 0.3414

# [ 14 4 12 11 5 9 18 1 21 18 5 20 13 20 22 28 2 24 25 1 8 22 17 10 26 7 ]
>> Objective values: [ 0.9286 -2.0714 -2.0667 -1.1071 -10.275 ] | Rank: 2 | Crowding Distance: 0.6431

# [ 14 4 18 11 5 9 18 1 21 18 5 20 1 26 18 28 2 24 25 1 8 22 17 10 26 7 ]
>> Objective values: [ 0.9167 -2.2308 -2.0667 -1.1923 -10.275 ] | Rank: 2 | Crowding Distance: 2.6392

# [ 26 21 15 9 19 11 10 5 20 2 17 2 28 2 24 1 18 4 12 22 28 24 16 13 25 27 ]
>> Objective values: [ 0.9425 -2.0345 -2.1333 -1.1034 -11.025 ] | Rank: 2 | Crowding Distance: 1.7096

# [ 15 26 9 11 19 11 18 1 21 10 5 2 28 2 24 13 20 22 10 28 24 26 12 16 19 7 ]
>> Objective values: [ 0.8846 -2.2308 -2.1333 -1.2308 -11.025 ] | Rank: 3 | Crowding Distance: 1.7976931348623157E308


[ END ]

++++++++++++++++ GENERATION: 10 ++++++++++++++++

[ START ]

Parent Population: 10
Child Population: 10

======== PARENT ========

# [ 15 26 9 21 5 9 18 1 21 18 5 20 28 2 24 16 22 26 7 3 7 26 12 16 19 7 ]
>> Objective values: [ 0.8958 -2.3333 -1.7333 -1.0833 -8.9 ] | Rank: 1 | Crowding Distance: 1.7976931348623157E308

# [ 15 26 9 11 19 11 18 1 21 18 5 2 13 20 22 9 2 26 10 28 24 26 12 16 19 7 ]
>> Objective values: [ 0.9295 -2.1538 -1.8667 -1.0769 -9.525 ] | Rank: 1 | Crowding Distance: 1.7976931348623157E308

# [ 19 19 9 21 5 9 18 1 21 18 5 20 1 26 18 7 14 4 12 22 28 24 16 13 25 2 ]
>> Objective values: [ 0.9103 -2.1923 -1.8 -1.0385 -9.9 ] | Rank: 1 | Crowding Distance: 1.7976931348623157E308

# [ 15 15 12 11 19 11 18 1 21 18 5 2 13 20 22 9 2 26 10 17 3 4 24 7 16 22 ]
>> Objective values: [ 0.9464 -2.0357 -1.9333 -1.0357 -10.025 ] | Rank: 1 | Crowding Distance: 1.7976931348623157E308

# [ 2 21 15 4 12 11 18 1 21 18 5 2 13 20 22 17 10 9 14 24 8 26 3 18 23 19 ]
>> Objective values: [ 0.9713 -1.9655 -2.0 -1.0345 -10.15 ] | Rank: 1 | Crowding Distance: 1.7976931348623157E308

# [ 14 4 25 21 5 9 18 1 21 10 5 2 13 20 22 9 2 26 10 28 24 26 12 16 19 7 ]
>> Objective values: [ 0.9259 -2.1111 -1.8667 -1.037 -10.15 ] | Rank: 1 | Crowding Distance: 1.7976931348623157E308

# [ 2 21 15 11 19 11 18 1 21 18 5 2 13 20 22 9 2 26 10 17 3 4 12 14 24 8 ]
>> Objective values: [ 0.9821 -1.9643 -2.0 -1.0714 -10.15 ] | Rank: 1 | Crowding Distance: 1.7976931348623157E308

# [ 14 4 12 11 5 9 18 1 21 18 5 20 28 2 24 16 13 19 25 1 8 22 17 10 26 7 ]
>> Objective values: [ 0.9667 -1.9333 -2.0667 -1.0333 -10.275 ] | Rank: 1 | Crowding Distance: 1.7976931348623157E308

# [ 26 21 15 9 19 11 10 5 20 2 17 2 1 26 18 7 14 4 12 22 28 24 16 13 25 27 ]
>> Objective values: [ 0.9839 -1.871 -2.1333 -1.0323 -11.025 ] | Rank: 1 | Crowding Distance: 1.7976931348623157E308

# [ 15 26 9 21 5 9 18 1 21 18 5 2 12 20 22 9 2 26 17 3 7 26 12 16 19 7 ]
>> Objective values: [ 0.8696 -2.4348 -1.7333 -1.1304 -8.9 ] | Rank: 2 | Crowding Distance: 1.7976931348623157E308


======== CHILD ========

# [ 2 21 15 11 19 11 18 1 21 18 5 2 13 20 22 27 2 26 4 12 17 10 3 18 23 19 ]
>> Objective values: [ 0.9487 -2.1154 -2.0 -1.1538 -10.15 ] | Rank: 1 | Crowding Distance: 1.7976931348623157E308

# [ 15 21 15 4 12 11 18 1 21 18 5 2 13 20 22 10 10 9 14 24 8 28 26 3 19 7 ]
>> Objective values: [ 0.9483 -2.0 -2.0 -1.0345 -10.275 ] | Rank: 1 | Crowding Distance: 1.7976931348623157E308

# [ 2 21 15 11 19 11 18 1 21 18 5 20 28 2 13 9 2 26 18 17 3 4 12 14 24 8 ]
>> Objective values: [ 0.9691 -2.037 -2.0 -1.1111 -10.275 ] | Rank: 1 | Crowding Distance: 1.7976931348623157E308

# [ 14 4 12 11 5 9 18 1 21 18 5 2 13 20 28 16 13 19 25 1 8 22 17 10 26 7 ]
>> Objective values: [ 0.9483 -2.0 -2.0667 -1.069 -10.275 ] | Rank: 2 | Crowding Distance: 1.0779

# [ 2 21 15 4 5 9 18 1 21 18 5 20 28 2 24 16 13 19 12 11 22 17 29 18 23 19 ]
>> Objective values: [ 0.9321 -2.1111 -2.0 -1.1111 -10.275 ] | Rank: 2 | Crowding Distance: 0.5395

# [ 15 26 9 4 12 11 18 1 21 18 5 2 13 13 22 17 10 9 10 28 24 26 12 16 19 7 ]
>> Objective values: [ 0.9074 -2.1481 -2.0667 -1.1481 -10.275 ] | Rank: 2 | Crowding Distance: 2.2404

# [ 14 4 12 11 12 11 18 1 21 32 5 2 13 20 22 17 11 9 28 24 16 19 17 10 14 7 ]
>> Objective values: [ 0.9345 -2.0714 -2.1333 -1.1429 -10.9 ] | Rank: 2 | Crowding Distance: 1.7976931348623157E308

# [ 17 10 13 8 5 9 18 15 21 18 5 20 30 2 24 16 22 26 7 3 7 15 4 12 11 13 ]
>> Objective values: [ 0.9286 -2.0714 -2.0667 -1.1071 -10.275 ] | Rank: 3 | Crowding Distance: 0.581

# [ 22 19 9 21 5 9 18 1 21 2 17 2 1 26 18 7 14 4 12 22 28 24 20 13 25 2 ]
>> Objective values: [ 0.8974 -2.2308 -2.0 -1.1538 -10.9 ] | Rank: 3 | Crowding Distance: 1.7976931348623157E308

# [ 26 21 15 9 19 11 10 5 20 18 5 20 1 26 18 7 14 4 12 6 28 24 2 17 25 27 ]
>> Objective values: [ 0.9483 -2.0 -2.1333 -1.1034 -11.025 ] | Rank: 3 | Crowding Distance: 1.7976931348623157E308


[ END ]
------------------------------------------------
NSGA-II ENDED SUCCESSFULLY

